#4FGL LogParabola unIDs
Beta      Beta_err E_peak[GeV]     det_sig   curv_sig     source_name
 0.0897    0.1463   2.5129e+00       7.3996    0.621       J0000.3-7355
 0.4163    0.3209   1.4782e+00       5.4150    2.151       J0003.3+2511
 0.6783    0.2518   1.5964e+00      10.7909    4.497       J0003.6+3059
 0.2771    0.1742   9.3095e-01       7.6056    2.323       J0004.0+5715
-0.0270    0.0687   3.9780e+03       6.4159    0.357       J0004.4-4001
 0.3207    0.1820   4.4480e-01       4.2748    2.716       J0005.6+6746
-0.0501    0.0489   2.7644e+02       6.3606    0.894       J0006.6+4618
 0.1030    0.1149   5.1449e-01       4.8184    1.060       J0008.4+6926
 0.2058    0.1684   5.5744e-02       5.4900    1.523       J0008.9+2509
 0.1515    0.1337   3.6339e-01       6.8421    1.389       J0009.1-5012
 0.4402    0.1710   5.1802e-01       8.9575    4.549       J0009.2+6847
 0.2463    0.1902   4.0093e-01       4.4725    1.724       J0009.2+1745
 0.0751    0.0737   6.7157e-02       8.5289    1.142       J0009.7-1418
-0.0577    0.0638   7.4258e+02       6.1217    0.757       J0017.1-4605
-0.0058    0.0467   1.2038e+20      12.4479    0.118       J0022.0-5921
-0.0311    0.0624   3.9363e+00       4.9723    0.445       J0023.6-4209
 0.0173    0.0741   8.0962e-01       7.3434    0.249       J0024.1+2402
 0.1990    0.1631   3.1638e+00       7.0517    1.319       J0025.4-4838
 0.0075    0.0976   6.0414e-02       5.3969    0.077       J0026.1-0732
 0.6046    0.3224   1.4040e+00       6.3435    2.916       J0031.0-2327
 0.1205    0.1262   6.8748e+00       5.3665    1.191       J0031.5-5648
 0.2090    0.1045   8.7529e-01       8.7518    2.655       J0034.6+6438
 0.0485    0.1165   1.0425e+02       5.3962    0.454       J0035.2-1739
 0.0601    0.1295   2.6676e-02       4.2883    0.447       J0037.2-2653
 0.5332    0.1098   1.7016e+00      21.1933    7.385       J0039.1+6257
 0.0160    0.0982   2.1971e-04       4.9956    0.199       J0039.7+4203
 0.0494    0.0864   6.9674e+00       6.8904    0.638       J0045.9-2021
-0.0161    0.0741   4.1589e+01       4.5193    0.197       J0046.7-7048
 0.3982    0.1441   1.5868e+00      14.4809    4.424       J0048.6-6347
 0.2364    0.1687   5.8574e-01       7.0286    2.450       J0052.1+6444
 0.5162    0.3434   1.1133e+01       4.2920    2.301       J0055.7+4507
 0.0003    0.0712   0.0000e+00       4.2955    0.000       J0057.5+6814
 0.3704    0.1721   4.7489e+01       7.3768    2.065       J0057.9+6326
 0.0330    0.0784   4.1469e-04       4.8986    0.439       J0058.1+6915
-0.0593    0.0737   1.3138e+01       4.5669    0.642       J0058.3-4603
 0.2373    0.0803   3.0009e-01      13.9413    4.085       J0059.4-5654
 0.1000    0.1227   3.9697e+00       5.6163    0.992       J0102.0-6240
 0.7739    0.3088   6.1427e+00       5.4138    2.542       J0102.1+4458
 0.3960    0.2442   6.9046e+00       6.7401    2.313       J0102.3+1000
 0.0687    0.1943   1.4080e-01       4.2632    0.383       J0104.6-0818
 0.3421    0.2754   1.2787e+00       5.1534    1.641       J0112.0+3442
 0.3954    1.5745   1.0804e+01       5.5429    1.508       J0115.4-2917
 0.7563    0.1982   3.7253e-01       7.5858    5.101       J0116.8+6914
 0.4975    0.3403   1.9488e+00       4.4140    2.342       J0118.3-6008
-0.1133    0.0493   2.0947e+01       4.4600    1.679       J0120.1+0505
-0.0873    0.0473   2.1033e+01       4.6768    1.380       J0120.2-7944
 0.0077    0.0768   1.4418e-09       5.7209    0.103       J0125.9-6303
 0.2051    0.2089   2.1260e+01       4.4404    1.226       J0126.3-6746
-0.0311    0.0588   3.0527e+05       7.9768    0.463       J0126.8+2412
 0.0864    0.1569   2.8652e-01       7.8284    0.663       J0131.7-5346
 0.4794    0.2181   2.3882e-01       8.7836    3.777       J0132.1-0956
 0.0598    0.1409   2.7200e-01       4.1455    0.486       J0137.3-3239
 0.6365    0.2677   2.1891e+00      10.4668    4.113       J0139.5-2228
 0.1988    0.1405   9.3339e+00       6.9161    1.454       J0140.3+7054
-0.1146    0.0482   3.4959e+01       5.2992    1.751       J0140.5-4730
 0.5065    0.2631   5.3966e-01       5.0722    3.453       J0142.5+6650
 0.0633    0.1086   9.0845e-03       5.1091    0.640       J0144.3+5959
 1.0000       nan   4.6747e+00       5.9124    3.302       J0150.4+4848
 0.0512    0.1036   2.3535e+01       6.3117    0.529       J0153.3+5416
 0.6501    0.6265   1.3794e+01       4.1528    2.235       J0154.6+0051
 0.1229    0.0790   7.3321e+00       9.5607    1.838       J0156.3-2420
 0.4861    0.3023   1.1622e-01       4.2750    2.123       J0158.4+1230
 0.0556    0.0738   3.0313e+00       7.1591    0.828       J0159.0+3313
-0.0332    0.0524   7.0143e+01       6.8882    0.551       J0202.4+2943
 0.2999    0.1041   5.5735e-01       9.5115    4.166       J0204.7+6656
 0.0818    0.1373   4.5476e-01       5.3428    0.524       J0209.8+2626
 0.0922    0.0931   4.1636e-02       5.4427    1.123       J0211.5+6219
 0.3705    0.0463   1.2163e+00      43.5448   11.441       J0212.1+5321
 0.3546    0.3445   8.3061e+00       4.2168    1.037       J0215.0-5330
 0.1470    0.1510   1.8490e+01       5.1405    0.827       J0222.7+5016
 0.0128    0.0918   4.3315e-15       4.5276    0.143       J0224.8+2937
-0.0947    0.0408   4.0052e+01       4.8109    1.597       J0225.5-5530
 0.1296    0.1330   6.0208e+00       5.0210    1.216       J0226.9+7744
 0.1141    0.1359   1.6389e-01       6.0511    0.942       J0230.3+1713
 0.9911    0.1506   1.8371e+01       4.2564    2.617       J0231.0+3505
 0.4022    0.1438   4.6869e-01      10.4705    4.140       J0235.3+5650
 0.5178    0.1148   1.8193e+00      20.9039    7.099       J0237.8+5238
 0.2231    0.1381   3.9142e-01       4.4495    2.093       J0239.1+6634
-0.0096    0.0708   3.8947e+12       6.3399    0.120       J0240.2-0248
 0.1386    0.1893   4.2538e-01       4.1247    0.818       J0245.0+4755
 0.4465    0.3456   1.5818e+00       4.1471    1.208       J0246.0-4838
 0.5035    0.2311   1.3769e+01       9.6361    3.720       J0251.1-1830
 0.8501    0.7248   6.6083e+00       4.2401    2.035       J0252.0-3657
-0.0732    0.0719   3.5475e+02       4.6336    0.802       J0252.3-2707
 0.1671    0.2354   2.6272e-01       4.7355    1.111       J0257.8+7044
 0.1168    0.0618   2.1508e+00      16.8691    2.359       J0259.0+0552
 0.1658    0.1246   6.4615e+00       7.0131    1.647       J0301.6-5617
-0.0355    0.0434   1.7438e+02       7.4373    0.711       J0302.5+3354
 0.0609    0.0903   1.5140e-03       5.1240    0.772       J0302.7+5717
 0.5853    0.3853   2.4770e+00       5.3540    2.557       J0304.6+6554
 0.3752    0.5534   2.9856e+01       4.0800    1.553       J0308.9-4702
 0.6027    0.1218   1.3024e+00      19.6370    7.871       J0312.1-0921
 0.1827    0.1401   1.3594e+01       6.0771    1.627       J0312.7+2012
 0.0641    0.1302   3.8000e-04       4.5840    0.529       J0313.6-7508
 0.1182    0.1089   1.0933e-01       4.9814    1.313       J0314.1+2827
 0.4803    0.2624   8.3632e-01       4.0556    2.906       J0314.1+5033
 0.1991    0.1888   9.8150e-01       5.2499    1.330       J0314.4-4805
 0.0724    0.1363   1.2476e+01       4.6890    0.618       J0327.6+2620
 0.0023    0.0572   5.1612e-35       8.6692    0.047       J0328.4-4736
 0.1064    0.0907   4.7584e-02       6.1951    1.400       J0328.5+6114
-0.0228    0.0704   1.3011e+03       5.7231    0.287       J0328.6-1129
 0.4832    0.1601   8.7805e-01      10.1015    4.753       J0330.1+5038
 0.6221    0.1515   4.5868e-01       7.7579    4.791       J0330.7+5845
 0.0743    0.1137   1.3638e+01       4.4748    0.717       J0333.0-3044
 0.0617    0.1235   1.6586e+00       5.6909    0.531       J0333.4-2705
 0.3588    0.0701   1.6143e+00      28.0187    7.203       J0336.0+7502
 0.0785    0.0912   9.9917e-02       5.6633    0.964       J0337.5+2423
 0.5867    0.0684   1.8204e-01      28.8993   14.393       J0340.4+5302
 0.1310    0.1223   2.7256e-01       6.6336    1.506       J0341.9+3153
 0.0521    0.0769   2.8215e+00       8.5078    0.731       J0343.3-6303
 0.1311    0.1121   1.0980e-01       5.0649    1.389       J0346.2+3235
 0.9995       nan   1.7121e+00       6.7326    4.281       J0347.0-6400
 0.9515    0.2901   7.0925e-01       5.0502    3.852       J0358.1+2850
 0.7372    0.2323   6.0093e-01       6.4752    4.326       J0359.3+3626
-0.0061    0.0684   2.1884e+13       4.1443    0.054       J0405.9+3041
-0.0223    0.0662   4.7435e+03       4.5494    0.323       J0406.2+0639
-0.0863    0.0455   1.8789e+01       5.6415    1.489       J0407.7-5702
 0.1064    0.1167   2.9174e+00       5.9987    1.139       J0409.2+2542
 0.6502    0.3607   8.1620e+00       5.6279    2.740       J0409.4-3822
 0.8313    0.2849   5.3482e-01       6.4382    4.557       J0409.7+4006
 0.0771    0.0847   1.0104e-02       8.1483    0.995       J0413.1-0304
 0.0137    0.0896   3.9444e+01       4.5422    0.146       J0414.3+4522
 0.1120    0.1156   8.2624e+00       6.6117    1.256       J0414.6+5711
 0.9819    0.1160   1.0193e+00      13.2041    6.491       J0414.7-4300
 0.3223    0.0608   1.5446e+00      27.6206    7.610       J0418.9+6636
 0.4661    0.2667   1.6268e+00       7.6396    3.162       J0423.0-0943
 0.4241    0.0633   3.8155e-01      25.2220   10.593       J0426.5+5434
 0.1263    0.0965   2.5961e-02      10.6014    1.755       J0427.3+0504
 0.2687    0.1355   1.7789e-01       5.1334    2.486       J0427.4+6433
 0.0108    0.0319   1.7490e-08      21.8495    0.348       J0427.8-6704
 0.4702    0.2103   3.9739e-01       6.8637    3.949       J0427.9+3632
 0.4807    0.2563   3.1757e+00       7.7449    3.208       J0435.5+3232
 0.2241    0.0999   8.4830e-01      10.5626    3.233       J0436.9+2915
 0.1439    0.0879   1.3893e+01      11.8161    1.863       J0438.0-7329
-0.0290    0.0657   1.1106e+03       5.7153    0.396       J0438.2-4243
 0.0447    0.1424   8.6545e-02       4.5811    0.329       J0439.6-8322
-0.0747    0.0431   5.2786e+01       7.5556    1.390       J0442.0-5432
 0.2265    0.1100   1.9796e-01       5.9152    2.615       J0442.8+3609
 0.0873    0.1789   4.0431e-01       4.3322    0.552       J0444.8-3514
 0.3537    0.1964   3.4322e-01       4.2845    2.564       J0445.7+1535
 0.9858       nan   1.1508e+00       6.2618    4.782       J0447.2+2446
 0.2151    0.1358   4.9939e-01       7.4908    1.925       J0448.7-2116
 0.3203    0.1650   3.2826e-01       6.9258    2.930       J0452.9+5117
 0.2299    0.1187   3.6053e-01       6.0472    2.485       J0453.3+2843
 0.2223    0.1720   7.0777e+00       6.8287    1.661       J0455.9+6757
-0.0428    0.1064   3.5946e+01       5.3879    0.335       J0459.7-5413
-0.0095    0.0186   8.9218e+02      16.0278    0.459       0500.9-6945e
 0.5868    0.3854   8.1597e+00       4.0586    2.393       J0502.2+3016
 0.7759    0.3138   3.8405e+00       9.2984    4.538       J0506.1+5028
 0.0212    0.1037   3.3729e-06       4.6257    0.159       J0506.3-0620
 0.4400    0.2279   5.5827e+00       5.5799    2.103       J0512.3+3329
-0.1085    0.0485   1.2663e+01       4.1716    1.604       J0512.5-2201
 0.3995    0.0544   1.6929e+00      41.8525   10.888       J0523.3-2527
 0.5305    0.2951   1.2003e+00       7.6243    3.148       J0524.7-8304
 0.1161    0.1088   5.7105e-02       5.7575    1.282       J0527.1+1152
 0.0821    0.0976   3.6172e+00       8.3018    1.042       J0527.4+6647
-0.0123    0.0910   3.3945e+12       4.2373    0.108       J0529.1-2449
 0.1781    0.1293   2.6898e-01       5.0611    1.862       J0529.9-0224
 0.0323    0.0174   3.2607e-01      25.2160    2.017       0530.0-6900e
 0.5321    0.2818   4.8870e-01       4.8191    2.803       J0531.7+1241
 0.0030    0.0158   7.1170e+01      23.2474    0.190       0531.8-6639e
 0.1380    0.1277   4.8244e-02       4.1431    1.300       J0532.6+3358
 0.7123    0.1645   9.1082e-01      13.6470    7.549       J0533.6+5945
 0.2125    0.1297   2.1420e-01       5.1338    2.137       J0534.0+3746
 0.2558    0.1585   6.9383e-01       7.4954    2.228       J0535.1-5422
 0.3349    0.2464   5.6403e-01       4.6999    2.092       J0535.3+0934
 0.9318    0.5947   3.5247e+00       5.0413    3.113       J0536.1-1205
 0.1285    0.1184   9.0608e-02       4.9909    1.330       J0537.5+0959
 0.3107    0.1484   8.3716e-01       7.2748    3.230       J0538.9+3549
 0.0741    0.1175   1.0096e+00       5.0780    0.731       J0539.2-6333
 0.3488    0.1368   9.5302e-01      13.6926    3.607       J0540.0-7552
 0.3698    0.3661   2.6289e+01       5.2616    1.345       J0540.2+0655
 0.0652    0.1018   4.5933e-02       4.5577    0.724       J0540.6+5540
 0.8815    0.2518   9.2971e-01       5.7967    4.138       J0540.7+3611
 0.0166    0.0641   5.4752e-03      12.1572    0.226       J0543.5-8741
 0.1449    0.1277   1.2958e-01       4.9232    1.546       J0543.9-0418
-0.1189    0.0374   2.8565e+01       4.8005    2.221       J0544.4+2238
 0.0606    0.1334   1.1650e-02       4.2092    0.554       J0544.8+5209
 0.2847    0.0648   2.5657e+00      23.5802    6.321       J0545.7+6016
 0.0229    0.0693   3.8195e-02       6.4121    0.336       J0545.8-0905
 0.4238    0.1969   3.0620e-01       4.6307    2.329       J0546.5-1100
 0.3400    0.1820   1.1498e+01       9.0474    2.117       J0550.5-4356
 0.4088    0.1806   1.0074e+00       5.5943    1.779       J0550.9+2552
 0.7749    0.2045   4.0471e-01       8.0700    5.273       J0551.7+0446
-0.0313    0.0898   6.1924e+05       4.2724    0.295       J0553.5+4810
 0.8637    0.2761   5.2525e-01       5.0144    4.252       J0553.6+0100
 0.2133    0.2152   3.4862e+00       6.7741    1.343       J0553.9-5048
 0.0848    0.1112   5.0915e-01       6.0535    0.920       J0554.0-0839
-0.0295    0.0574   1.4513e+03       4.3364    0.475       J0554.2-0259
 0.4666    0.1641   5.2896e-01       7.4590    4.548       J0555.1+0150
 0.0276    0.0898   4.3107e-07       6.1501    0.347       J0557.5-4452
 0.2918    0.1475   1.3365e+00       8.8998    2.482       J0558.1-2113
 0.8136    0.4842   6.8128e-01       5.3141    3.655       J0601.0-1016
 0.3412    0.2469   1.0071e+00       5.6148    2.102       J0601.4-6057
 0.4857    0.1908   7.9125e-01       7.5484    4.321       J0609.0+2136
 0.5247    0.1791   5.3928e-01       6.5808    4.948       J0609.0+2006
-0.0322    0.0707   7.8032e+00       5.1094    0.400       J0610.8-4911
 0.2945    0.3072   2.6224e+00       4.2954    1.476       J0611.4-4722
 0.1936    0.1785   7.3186e-01       4.1205    1.230       J0611.5-2918
 0.6863    0.4023   4.5870e-01       5.2683    4.024       J0612.6+1520
 0.0262    0.0690   2.1716e-05       5.0340    0.383       J0613.1+1749
-0.0337    0.0710   7.5395e+04       5.4287    0.438       J0617.6-4028
 0.4006    0.2113   1.8913e-01       5.0247    2.975       J0618.7+1211
 0.3434    0.1310   7.8304e-01       6.8182    4.515       J0618.9+2240
 0.0414    0.0564   9.1884e-01       7.9599    0.825       J0620.1+2246
 0.1151    0.0907   9.7034e-02       5.7827    1.491       J0620.4+1445
 1.0000    0.0038   2.1340e+01       4.3367    2.237       J0620.7-5034
 0.8196    0.3242   8.1171e-01       5.5360    3.066       J0622.5+3120
 0.2072    0.1852   2.2218e-01       5.0151    1.508       J0624.7-4903
 0.1651    0.2165   1.5261e+01       5.0235    1.073       J0625.5+7029
 0.2723    0.1691   2.6860e+00       5.4900    2.196       J0631.0+5626
 0.0386    0.1094   3.1027e+01       4.3604    0.396       J0633.9+5840
 0.2563    0.2947   1.3411e-01       5.5749    1.530       J0634.6-3046
 0.0557    0.1387   4.0982e+00       4.5631    0.468       J0640.9-5204
 0.3848    0.1948   5.5790e-01       4.5972    2.713       J0642.4+1048
 0.1354    0.1475   2.4425e-01       6.2319    1.117       J0642.9-6501
 0.4969    0.3190   7.5374e-01       4.2607    2.543       J0648.6-3623
 0.2861    0.2178   2.1346e+01       7.7254    1.809       J0650.2-5144
 0.0431    0.1230   1.5468e-03       4.4246    0.377       J0651.9-4330
 1.0000       nan   1.0417e+00       9.5147    5.581       J0652.9+4707
 0.5274    0.3313   5.2069e+00       5.0266    2.434       J0656.5+4218
 0.3778    0.1581   1.8223e+00      11.3705    3.194       J0657.4-4658
-0.0441    0.0637   2.0199e+02       5.5988    0.580       J0658.7+2318
 0.2256    0.1966   2.3843e+00       5.1794    1.631       J0700.2-5118
 0.0526    0.1172   9.9888e-03       4.4104    0.501       J0700.4-4308
 0.4430    0.1777   1.2927e+00       9.7702    3.489       J0700.6+3558
 0.4455    0.2468   4.0431e+00       5.4460    2.498       J0700.8+1551
-0.0590    0.0695   1.1023e+01       4.4563    0.572       J0701.5-2842
 0.1373    0.1063   3.0807e+00       7.7015    1.658       J0704.3-4829
 0.4276    0.2218   7.8862e-01       5.4133    3.095       J0705.8-0004
 0.0527    0.1072   2.8787e+00       5.6878    0.501       J0708.6+1747
 0.3278    0.1101   3.6600e-01       9.6007    4.665       J0709.1-1034
 0.7893    0.3022   1.7257e+00       9.1310    4.520       J0712.0-6431
 0.4387    0.3818   4.8137e-01       5.5031    2.388       J0712.8-5637
-0.0001    0.0673          inf       4.7899    0.019       J0713.5-2555
 0.3227    0.2101   2.6201e-01       5.0675    2.698       J0715.7-1128
 0.2870    0.1405   9.8004e-01       8.0011    2.796       J0718.8-5004
-0.0064    0.0527   8.2671e+16       9.5781    0.133       J0722.4-2650
 0.3411    0.1421   2.3225e-01       6.1164    3.600       J0722.7-2309
-0.0391    0.0553   1.6681e+02       5.7762    0.654       J0723.1-3048
-0.0316    0.0770   1.6037e-02       4.2747    0.373       J0724.8+3016
 0.9984    0.0478   1.1639e+01       5.3881    2.652       J0725.6-5008
 0.1537    0.0862   1.0725e+01      11.8194    2.173       J0725.7-0549
 0.2602    0.1992   1.6799e+00       6.4967    1.678       J0731.0+6607
 0.4105    0.2013   2.3090e-01       5.4138    2.883       J0731.5-1910
-0.0270    0.0585   1.9876e+01       4.8791    0.424       J0734.3-4448
 0.2783    0.0992   3.2730e-01      13.1557    3.991       J0736.9-3231
-0.0797    0.0414   8.1316e+00       6.6025    1.483       J0737.4+6535
-0.0530    0.0539   1.4355e+02       5.7109    0.788       J0738.6+1311
-0.0680    0.0575   2.4326e+00       4.7210    0.908       J0741.0-5226
 0.3025    0.0554   8.5847e-01      28.6786    8.147       J0744.0-2525
 0.4024    0.3009   2.2122e-01       4.2362    2.078       J0744.4-1403
 0.5027    0.2451   1.7029e+00       9.5600    3.889       J0744.9-4028
 0.1249    0.1315   1.4324e+00       4.9027    1.145       J0746.5-4113
 0.0332    0.1049   3.9001e+00       6.1032    0.353       J0747.2-0736
 0.4783    0.3235   1.2309e+00       4.6544    2.682       J0749.8-4420
 0.4722    0.2011   7.2931e-01       8.1637    4.074       J0752.0-2931
 1.0000       nan   2.5709e+00       8.9991    5.995       J0754.9-3953
-0.0096    0.0714   2.0186e+19       6.5064    0.117       J0755.9-0515
 0.3683    0.0726   1.1935e+00      23.4414    7.436       J0758.8-1450
 0.0026    0.0790   7.3536e-46       4.1495    0.051       J0800.1-5531
 0.6471    0.4274   1.4888e+00       5.8179    2.376       J0800.5+3715
 0.3424    0.1675   6.8164e-01       6.5862    2.877       J0800.7-1059
 0.4543    0.2776   5.4752e+00       7.1269    2.910       J0800.9+0733
 0.0500    0.1141   9.4408e-03       4.8149    0.483       J0801.3-0617
 0.6881    0.1488   1.0661e+00      18.5074    8.508       J0802.1-5612
 0.3380    0.2603   4.6851e-01       5.1698    2.173       J0803.5+2046
 0.9603       nan   2.9886e-01       6.6418    4.686       J0809.8+0507
 0.0879    0.0855   4.2356e-02       6.0871    1.179       J0813.1-5049
 0.1322    0.1401   3.4987e+01       5.0320    0.982       J0815.5+6554
 0.5608    0.3428   2.7919e-01       7.3873    4.136       J0817.7-5258
 0.9745    0.2025   1.0578e+00       6.0661    3.809       J0821.5-1436
 1.0000    0.0166   8.2647e+00       4.2160    2.421       J0824.1-6004
 0.0313    0.0809   2.6881e-03       7.2298    0.395       J0826.0-0157
 0.3945    0.2749   1.5977e+00      10.3229    2.833       J0826.1-5053
-0.0514    0.0706   4.0731e+01       4.2614    0.510       J0827.0-4111
 0.2617    0.3048   5.7073e+00       4.5729    1.277       J0827.6-0059
 0.4055    0.1954   2.1927e-01       7.3890    3.022       J0829.3+3729
 0.1015    0.1194   9.9202e-02       4.6786    1.013       J0836.0-5458
 0.9995    0.0462   2.4860e+00       4.9467    2.673       J0836.6-6036
 0.2356    0.1435   7.8015e-02       6.5185    2.217       J0838.4-3952
-0.0173    0.0764   1.7242e-03       4.3546    0.208       J0838.5+4013
 0.0384    0.1172   7.7330e-03       5.7203    0.464       J0838.9-2502
 0.5295    0.1287   2.8672e+00      18.0942    6.866       J0843.3+6712
 0.3515    0.1743   4.1464e-01       6.3060    3.198       J0844.1-4330
 0.2451    0.0999   2.4175e-01       8.8409    3.355       J0844.9-4117
 0.1194    0.0880   5.5124e-02       8.5685    1.843       J0848.8-4328
 0.1216    0.1542   2.6416e-01       4.4551    0.942       J0849.5+2710
-0.0109    0.0702   3.3003e+12       5.1165    0.149       J0850.4-2558
 0.6738    0.1437   2.8615e-01       7.8291    5.301       J0850.8-4239
 0.5503    0.1921   4.0820e-01       7.6840    5.098       J0853.1-4407
 0.7048    0.2456   5.8789e-01       9.5201    5.668       J0853.6-4306
 0.4246    0.0720   1.7199e+00      29.7908    8.830       J0854.8-4504
 0.0831    0.1666   2.7718e-02       4.0858    0.520       J0855.0+0720
 0.1921    0.1815   1.2377e+00       4.9548    1.424       J0855.0-6026
 0.1607    0.0963   8.0944e-02       6.1195    2.152       J0857.7-4507
 0.1912    0.0649   3.3485e-01      13.8406    3.908       J0859.2-4729
 0.3193    0.0763   3.7169e-01      16.7294    6.109       J0859.3-4342
 0.9991    0.0525   3.1186e+01       4.4654    1.937       J0859.8+0053
 0.3017    0.1437   2.5809e-01       6.7340    3.151       J0900.2-4608
 0.0511    0.0815   3.4653e-02       5.0277    0.686       J0902.5-4727
 0.0445    0.1545   4.4312e+00       5.3930    0.321       J0903.5+4057
 0.0668    0.0974   5.4087e+00       5.8482    0.776       J0906.1-1011
 0.8663    0.2310   5.7241e-01      12.5606    6.592       J0906.8-2122
 0.4349    0.2993   5.2515e+00       5.1932    2.172       J0910.1-1816
 0.5435    0.3058   3.6375e+00       4.0853    2.625       J0910.9+6055
 0.0535    0.0682   6.1834e-03       5.5388    0.904       J0911.6-4738
 0.4192    0.2805   1.4088e+01       4.8286    1.478       J0914.5+6845
 0.0160    0.1372   9.0627e-02       4.1283    0.107       J0916.9+7756
 0.4349    0.1631   3.9362e-01       7.8242    4.409       J0917.9-4755
 0.0212    0.0975   1.5972e+00       6.7868    0.252       J0919.3+6607
 0.7413    0.3243   2.2856e+00       8.1613    4.341       J0919.5-6203
 0.4339    1.1829   1.3446e-01       5.4284    1.557       J0924.1-5202
 0.9996       nan   2.4205e+00       7.0472    4.248       J0926.1-5336
 0.0007    0.0853   7.4291e+19       5.6756    0.000       J0928.4-5256
 0.1196    0.1324   3.5056e+01       6.9445    0.953       J0930.9-3030
 0.3022    0.2255   6.0924e+00       6.5259    2.010       J0931.4-3559
 0.7087    0.0831   2.2083e+00      38.3652   14.810       J0933.8-6232
-0.0582    0.0617   2.4916e+03       7.5027    0.814       J0934.5+7223
 0.0815    0.0649   4.9275e-02      14.9250    1.473       J0935.3+0901
 0.0140    0.1052   8.4316e+07       4.6020    0.128       J0935.5+1152
-0.0016    0.0682   1.2983e+68       5.3408    0.000       J0937.6-3358
 0.1454    0.1582   7.2301e+00       5.2685    1.074       J0938.8+5155
 0.4657    0.1181   1.1079e+00      18.3585    6.048       J0940.3-7610
 0.3125    0.3866   4.2004e+00       5.6143    1.628       J0942.5+7620
 0.2986    0.1902   9.9357e+00       5.4946    1.841       J0944.7-5124
 0.4365    0.1617   2.8920e-01       9.2407    3.926       J0947.0-3548
 0.2356    0.1461   5.9247e-01       4.9020    2.116       J0947.8-4234
 0.4379    0.3072   2.6006e-01       4.1322    1.551       J0948.0-3859
 0.2893    0.2227   1.6992e+00       6.0960    1.524       J0949.8+7551
 0.7108    0.3408   2.8749e-01       6.1987    3.620       J0951.8-3711
 0.6879    0.1122   1.6642e+00      25.3196    9.976       J0953.6-1509
 0.2642    0.0549   4.2428e-01      25.0504    6.677       J0955.3-3949
 0.6718    0.3111   3.8739e-01       5.1281    3.594       J0955.8-4106
 0.7508    0.4159   5.2638e-01       5.3771    3.052       J0957.6-3051
 0.0890    0.1172   6.3166e-01       4.8246    0.848       J0957.6-5208
 0.9671    0.2851   3.5837e-01       5.7802    3.771       J1002.3-2810
 0.7742    0.3249   2.1614e+00       5.1016    3.183       J1004.6-5215
 0.1374    0.1365   5.2706e-03       6.4036    1.170       J1008.2-1000
 0.9468    0.2853   1.6441e+00       5.8185    3.370       J1011.4-5729
 0.7831    0.4708   2.9055e+00       5.6903    3.224       J1014.6+6126
 0.1992    0.1479   1.3243e+00       6.2107    1.681       J1015.1-6353
 0.1515    0.0765   5.2853e-02      11.7071    2.464       J1015.5-6030
 0.2192    0.0972   1.2408e+01      10.9688    2.859       J1016.1-4247
 0.1175    0.1117   2.7174e-01       5.5043    1.340       J1016.2-5729
 0.0795    0.1194   7.3590e+00       4.5890    0.743       J1017.4+5956
 0.2175    0.1628   3.5619e-01       4.4286    1.652       J1018.1-4051
 0.2176    0.1211   2.6485e-01       5.2747    2.304       J1018.1-2705
 0.0568    4.2574   1.7914e-01       4.5683    0.251       J1018.2+0145
 0.1973    0.1808   3.3035e-01       4.7674    1.474       J1018.3-0703
 0.6285    0.6176   7.9855e+01       4.1234    1.300       J1018.4+2210
 0.6074    0.3975   8.5314e+00       4.3819    2.295       J1019.3+5625
 0.3997    0.1912   1.0517e+00       7.0607    3.154       J1020.4-5314
-0.0859    0.0574   7.5432e+00       4.0746    1.412       J1021.8-6308
 0.6778    0.2049   1.4858e+00      12.4115    5.442       J1026.2-5731
-0.0692    0.0523   3.7822e+01       4.2221    1.107       J1028.1-3550
-0.0506    0.0515   1.8123e+01       4.6490    0.826       J1028.4-1539
-0.0789    0.0629   1.6007e+01       4.8943    0.997       J1029.4-0828
 0.1526    0.2004   4.4535e+00       4.4068    0.976       J1029.9+7335
-0.0193    0.0604   9.1421e+07       5.2599    0.280       J1030.7+6118
 0.0576    0.0094   3.1636e+01      37.2569    6.503       1036.3-5833e
 0.0149    0.0833   6.5975e-12       5.6215    0.189       J1036.5-1809
 0.2736    0.1064   1.1650e+00      11.6798    3.541       J1036.6-4349
 0.2604    0.0926   3.3215e-01      11.1981    4.306       J1037.8-5810
 0.0699    0.0889   3.5156e-02       8.0289    0.906       J1039.2+3258
-0.0209    0.0878   2.9292e+08       5.6318    0.217       J1043.0+5316
 0.3403    0.0806   6.2719e-01      14.4800    6.454       J1046.7-6010
 0.0662    0.1291   8.4892e+00       4.7438    0.531       J1047.2+6740
 0.2468    0.1799   4.2580e+01       5.4390    1.269       J1048.4-5030
 0.5457    0.1393   9.4114e-01      16.3627    7.920       J1048.5-5923
-0.0469    0.0587   4.5887e+00       6.1708    0.655       J1049.8+2741
 0.1576    0.1629   3.5431e+00       6.0484    1.568       J1054.7-6008
 0.1619    0.1929   2.0601e-01       5.1457    1.148       J1055.6-0719
-0.0852    0.0526   1.1901e+01       4.2493    1.132       J1055.7-1807
 0.5228    0.3903   1.3136e+01       5.5170    2.552       J1057.6-4051
 0.1455    0.0978   1.0312e+01       9.6974    1.788       J1058.4-6625
 0.9932       nan   2.4625e+00       6.8478    3.427       J1058.9-6101
-0.0795    0.0554   4.0410e+01       4.5856    1.083       J1059.4+2148
 0.2137    0.2196   8.3527e-01      10.4010    1.611       J1059.4+0226
 0.1481    0.1484   1.1819e+00       6.7876    1.314       J1100.0-2044
 1.0000       nan   1.3404e+00       6.4293    3.723       J1102.4+0246
 0.1750    0.1364   9.2599e-01       7.8468    1.615       J1105.1-2600
 1.0000    0.0009   3.2370e+01       4.1425    2.299       J1105.3-0626
-0.0964    0.0576   7.9645e+01       4.6406    1.279       J1106.2+7303
-0.0568    0.0767   9.7388e+02       4.2971    0.612       J1106.7+3623
 0.4637    0.1595   1.6659e+00      13.0776    4.436       J1106.7-1742
 0.4748    0.3098   1.4287e+00       5.3439    1.711       J1109.1-4853
 0.0335    0.0166   1.8428e+01      17.3994    2.075       1109.4-6115e
 0.0725    0.1217   5.1049e-04       6.5025    0.657       J1109.8+4406
 0.0431    0.1501   1.4240e-01       4.2873    0.295       J1111.4+0137
 0.2876    0.0952   9.4999e-01       8.3988    4.168       J1112.2-6055
 0.9926    0.1403   2.7794e+00       4.5629    2.225       J1114.6+1225
 0.0283    0.0303   1.0228e-02      14.5076    1.020       J1115.1-6118
 0.2616    0.1922   1.6702e+00       5.2494    1.858       J1119.9-1007
 0.4922    0.0528   1.0836e+00      48.1958   14.762       J1120.0-2204
 0.0455    0.0616   4.6562e+00      11.4193    0.785       J1120.1-2645
-0.0879    0.0425   1.8044e+01       5.1346    1.604       J1122.0-0231
 0.0347    0.0709   2.0059e-02       6.2593    0.517       J1122.4-6237
-0.0068    0.0691   6.9778e+17       6.6851    0.089       J1122.5-1440
 0.3351    0.2119   1.4258e+00       4.4660    2.164       J1123.2-5111
 0.0418    0.0552   1.8697e-01      10.0333    0.830       J1123.8-4552
 0.4451    0.2471   2.0753e-01       7.3912    3.010       J1125.2+2557
 0.9749    0.2060   2.6873e+00       8.0804    4.592       J1126.0-5007
 0.4033    0.1550   7.1190e-01       8.6963    4.818       J1127.9-6158
 0.2134    0.0659   1.4579e+00      19.4795    5.254       J1139.2-6247
 0.0970    0.0764   3.4579e+01      11.2391    1.453       J1146.0-0638
 0.2976    0.1391   7.3348e-01       4.3644    2.972       J1146.0-6822
 0.0721    0.0893   9.3855e-02       4.4826    1.002       J1150.1-6324
 0.0592    0.0733   2.2158e-01       6.8415    0.901       J1150.7-4613
 0.6529    0.3572   6.4210e-01       6.7646    3.837       J1154.5-5952
 0.2022    0.2343   9.5884e+00       6.2851    1.430       J1155.2-1111
 0.2772    0.3971   4.2454e-01       5.3346    3.588       J1155.6-6245
 0.3384    0.1307   3.3244e-01       7.5490    4.201       J1157.7-6327
-0.0057    0.0832   5.3720e-06       4.5353    0.069       J1158.8-1430
 0.3898    0.1653   5.2722e-01       6.4875    3.291       J1202.9-5717
 0.4090    0.1716   6.7177e-01       6.0491    3.715       J1203.4-6145
 0.2892    0.1835   1.4431e+00       7.6088    2.256       J1203.5-1748
 0.3237    0.0473   8.4803e-01      28.8537    9.646       J1203.9-6242
 0.5609    0.1502   5.2385e-01       5.1856    3.880       J1204.3-6111
 0.6560    0.1908   1.1698e+00      10.6921    5.525       J1204.5-5032
 0.0516    0.0936   1.1722e-01       5.1359    0.690       J1205.1-5951
 0.2666    0.2031   2.0397e+00       4.1526    1.831       J1207.4-1840
 0.6180    0.1907   1.3623e+00      12.1191    5.440       J1207.4-4536
 0.5263    0.2359   1.2431e+00       8.0093    4.180       J1207.9-6443
 0.3411    0.0992   9.5845e-01      13.8473    4.986       J1208.0-6900
 0.1552    0.1650   2.5006e+00       5.2040    1.130       J1208.2+1158
 0.3816    0.2230   1.4672e+00       4.3783    2.391       J1208.5-5512
 0.1716    0.1389   3.0708e-01       4.3890    1.877       J1209.4-6421
 0.5968    0.3032   6.0748e-01       4.9726    3.890       J1209.9-5923
 0.8284    0.1764   7.5371e-01       6.8839    6.124       J1210.4-6250
 0.0892    0.0843   1.6719e-01       5.2365    1.270       J1210.4-6100
 0.1900    0.1218   5.8011e-01       5.0256    1.884       J1210.7-6005
 0.1877    0.0765   5.8518e-01      12.7573    3.256       J1213.9-4416
 0.2731    0.1545   2.9176e+00       7.0751    2.480       J1214.5-2318
 0.0927    0.0795   1.9807e-01       6.6911    1.362       J1214.7-5858
 0.1528    0.1767   2.0361e+00       4.7231    0.944       J1216.2+0537
 0.0615    0.0616   1.2626e-02      12.4779    1.112       J1216.2-0600
-0.0285    0.0715   9.3783e+00       5.0374    0.352       J1216.4-1358
 0.2808    0.1003   4.8639e-01      12.5095    4.391       J1216.8-5955
 0.6362    0.3891   1.3379e+00       4.5002    2.948       J1217.2-2500
 0.6874    0.3466   3.1642e-01       5.7066    3.061       J1218.6-1049
 0.1704    0.1000   6.1363e-01       8.0186    2.061       J1220.1-5558
 0.0595    0.0830   2.2299e+01       7.9846    0.789       J1220.1-2458
 0.0764    0.1174   1.4478e-02       4.7392    0.746       J1220.5-2745
 0.3505    0.0978   1.2377e+00      19.7186    5.018       J1221.4-0634
-0.0628    0.0509   1.2696e+03       7.3596    1.038       J1224.6+7011
 0.4089    0.0703   2.0726e+00      33.3305    8.793       J1225.9+2951
 0.2086    0.0982   1.3157e-01       5.3738    2.604       J1226.8-4907
 0.0834    0.1171   1.4536e-01       4.2372    0.828       J1228.0-6918
 0.2128    0.2251   7.5635e-01       4.4064    1.192       J1229.5-3048
 0.6047    0.1020   5.8222e-01      22.4817    9.593       J1231.6-5116
 0.4641    0.1226   8.4854e-01      16.0846    6.009       J1231.6-6511
 0.1796    0.1077   3.0320e-01       9.5448    2.102       J1233.0+1333
-0.0024    0.0940   2.6218e+60       4.2598    0.000       J1239.7-3455
 0.2306    0.2304   1.3855e+01       5.0215    1.013       J1243.7+1727
 0.1369    0.0677   4.5043e-01      11.7792    2.727       J1244.3-6233
 0.0884    0.1055   5.6526e-01       4.5913    0.889       J1250.8-5424
 0.1139    0.0656   1.8467e+00      12.7028    2.108       J1250.9-4943
 0.0654    0.2184   2.0687e-03       4.2469    0.401       J1252.7-2520
 0.5407    0.3705   4.9940e+00       5.5897    2.644       J1254.7-4516
 0.0567    0.0676   2.7090e-03       8.6997    0.889       J1256.8+5329
 0.1547    0.0942   5.5340e-01      12.1965    2.395       J1257.0-6339
 0.0211    0.1243   4.1064e-02       5.2336    0.086       J1258.4+6554
 0.1265    0.2146   9.4452e-01       5.6970    0.719       J1258.5-3406
 0.3466    0.1320   6.6505e-01       9.9224    3.903       J1259.0-8148
 0.4308    0.1864   1.8380e+00       7.0792    3.482       J1303.1-4714
 1.0000       nan   1.3921e+00      10.3598    6.031       J1304.4+1203
 0.6239    0.3577   1.6640e+00       5.1294    2.762       J1304.6+0539
 0.4583    0.0570   2.7669e+00      37.2479   11.657       J1306.3-6043
 0.1818    0.0652   3.7657e-01      18.5917    3.496       J1306.8-4035
 0.3654    0.2069   2.5039e+00       7.3620    2.592       J1308.7+0347
 0.4436    0.3279   2.5505e+00       4.5218    2.093       J1308.9-5730
 0.3141    0.1008   5.1711e-01      11.2192    5.187       J1309.1-6223
-0.0817    0.0631   3.3105e+01       4.2749    0.941       J1309.3+8035
 0.1756    0.1039   7.1344e-01       8.1909    2.461       J1312.3-6257
 0.4447    0.2527   1.8072e+00       8.7022    3.552       J1312.6-6231
 0.2404    0.0821   3.5064e-01      11.1440    4.412       J1315.9-6243
 0.8232    0.3689   1.6353e+00       7.5176    4.245       J1317.5-0153
 0.5205    0.1342   1.4804e+00      16.6765    6.505       J1317.5-6316
-0.0631    0.0690   2.2028e+02       5.2036    0.760       J1318.1-3937
 0.1661    0.1533   3.3023e+00       4.3913    1.307       J1318.3-1148
-0.0456    0.0719   5.5422e+02       5.1038    0.548       J1318.9-4556
 0.5611    0.2508   1.0005e+00       6.6256    3.771       J1320.3-6410
 0.1507    0.1189   7.5230e-01       5.9014    1.825       J1320.5-6256
 0.2016    0.0985   4.1563e-01      11.0346    2.558       J1325.3-5413
 0.2162    0.2111   1.3269e+00       4.1136    1.334       J1326.0+3507
 0.3923    0.1391   3.0792e-01       6.7026    4.333       J1328.4-6231
 0.4355    0.0899   1.7460e+00      21.2522    7.182       J1329.9-6108
-0.1026    0.0378   2.3214e+01       6.1024    1.875       J1334.1-4154
 0.1252    0.1769   1.6885e-01       5.7299    0.763       J1334.6-4435
-0.0915    0.0611   1.1187e+02       4.7681    1.050       J1334.8-3856
 0.5820    0.1336   2.1681e+00      16.6590    6.333       J1335.0-5656
 0.2525    0.1504   7.8253e-01       5.7683    2.231       J1335.5-4546
-0.0946    0.0764   9.7380e+00       4.2600    0.976       J1335.6-4052
 0.1793    0.1475   5.1510e-01       5.1045    1.497       J1336.5-4655
-0.0155    0.0665   9.6604e+01       4.8536    0.205       J1338.8-4509
 0.9994       nan   7.5996e-01       6.1724    4.336       J1343.5-6827
 0.9786    0.1254   1.6297e+00      13.4853    6.699       J1345.9-2612
 0.1174    0.0838   2.4163e-02       9.4566    1.614       J1346.5+5330
 0.0088    0.1093   8.8526e-23       4.9906    0.098       J1347.4+7309
-0.1444    0.0397   1.5794e+01       4.4805    1.706       J1348.5-8700
 0.1466    0.1224   1.3642e-01       6.5276    1.573       J1349.1-5829
 0.3646    0.2419   1.1419e+00       4.5294    2.334       J1350.9-2757
 0.2556    0.0542   4.9666e-01      18.3374    7.194       J1351.6-6142
 0.9160    0.4305   5.2086e-01       6.1305    4.088       J1356.0-6747
 0.5526    0.2487   1.2036e+00       9.2373    3.840       J1356.6+0234
 0.5003    0.1870   6.9786e-01       8.5346    5.566       J1357.3-6123
 0.3098    0.1961   9.3953e-01       5.2373    2.459       J1358.0-7749
 0.2592    0.0578   6.5753e-01      20.1146    6.816       J1358.3-6026
 0.1782    0.1373   7.0100e-02       6.8528    1.595       J1359.9+3616
 0.5382    0.1617   2.0375e+00      15.4832    5.635       J1400.0-2415
 0.6469    0.2756   1.8797e+00       6.5439    4.056       J1400.4-6050
 0.4038    0.0996   1.0600e+00      18.9621    6.133       J1400.6-1432
 0.2331    0.1508   1.0142e+00       6.9090    2.950       J1401.2-6116
 0.2337    0.2012   1.9784e+00       5.8579    1.326       J1401.7-3217
 0.9999       nan   1.7652e+00       8.6363    5.033       J1402.7+1306
 0.9812    0.1138   2.4825e+00      14.0229    7.331       J1403.5-6236
 0.4263    0.1236   6.0230e-01       9.8251    6.036       J1404.4-6159
 0.3492    0.1528   1.4357e+00       9.1932    3.162       J1404.8-5237
 0.3023    0.0478   5.1551e-01      22.0584   10.005       J1405.1-6119
 0.0712    0.1149   2.9743e+00       4.6352    0.789       J1405.3-6008
 0.1942    0.2287   1.0915e+01       5.7719    1.022       J1405.9-1853
 0.9997    0.0457   1.0361e+00       4.2179    1.423       J1407.4-0820
 0.7638    0.2378   6.2579e-01       9.2015    5.311       J1407.7-3017
 0.1012    0.1397   7.6247e+00       4.7905    0.834       J1408.0+3834
 0.0587    0.0846   3.8363e-01       4.4220    0.795       J1408.1-6010
 0.1748    0.0887   5.5978e-02      10.3000    2.398       J1408.6-2917
 0.2639    0.1281   7.2072e-01       9.9209    2.789       J1408.7-3747
 0.0444    0.0875   2.5024e-03       5.8819    0.617       J1408.9-5845
 0.0684    0.0137   1.6393e+00      35.9212    6.485       1409.1-6121e
 0.2803    0.0883   8.0748e+00      19.1292    4.218       J1410.7+7405
 0.3657    0.1047   1.2045e+00      13.1948    4.948       J1412.1-6631
 0.5258    0.2482   3.9067e-01       5.7362    3.309       J1415.2-5550
 0.2153    0.4292   5.1122e-01       4.9363    2.235       J1415.3-6110
 0.4710    0.2349   3.5231e+00       7.7135    3.183       J1415.4-6458
 0.2828    0.2401   3.2436e+00       5.2780    1.481       J1415.9-1504
 0.3058    0.1154   9.7424e-01      11.3088    3.467       J1416.7-5023
-0.0397    0.0350   2.8143e+00       6.3280    0.979       J1417.7-6057
 0.5413    0.2752   4.9848e-01       6.5905    3.680       J1418.2-5400
 0.1627    0.2703   4.5888e-01       5.1948    2.318       J1418.7-6110
-0.0261    0.0500   5.3550e+01       5.0646    0.487       J1419.2-6029
 0.1895    0.1687   2.7522e-01       4.3255    1.624       J1420.7-6701
 0.0420    0.0751   1.5787e-01       4.7289    0.770       J1420.9-6127
 0.1673    0.1138   1.2769e+00       8.0800    1.893       J1420.9-2431
 0.2273    0.6136   4.7453e-01       5.6619    2.799       J1422.3-6059
 0.1046    0.2055   4.9172e-02       4.6741    0.900       J1424.8-6536
 0.9994       nan   2.1278e+00       5.7713    4.090       J1424.8-8012
 0.1546    0.0429   1.9536e-01      19.3500    4.933       J1427.8-6051
 0.6649    0.3550   1.4388e+00       5.0227    3.043       J1429.8-0739
 0.3361    0.1773   2.9913e+00       7.6850    2.319       J1431.0-4432
 0.2687    0.1446   6.7961e-01       4.9992    2.299       J1439.2-5142
 0.5084    0.2508   1.0061e+01       9.5161    3.285       J1441.4-1934
 0.2811    0.2857   9.4044e-01       4.7241    1.071       J1442.0+0732
 0.4300    0.1752   3.7950e-01       7.4138    3.413       J1442.1-2800
 0.0951    0.1091   3.4356e+00       5.6581    1.006       J1442.1-3707
 0.0982    0.0780   3.0256e-01       8.6404    1.458       J1443.7-7037
 0.3367    0.2411   2.7961e+00       4.4978    1.754       J1444.1+7601
 0.7461    0.4287   1.0175e+00       4.1942    2.467       J1444.8+3645
 0.3731    0.0730   3.7328e-01      14.9132    8.381       J1444.9-5939
 0.4022    0.0909   4.6007e-01      17.4720    7.213       J1447.4-5757
 0.2784    0.1060   6.8305e-01      10.1559    4.234       J1449.8-5923
 0.5145    0.2318   1.8573e+00       8.0264    3.602       J1450.8-1424
 0.6127    0.3126   1.2396e+00       6.6953    3.418       J1451.6-3726
 0.0447    0.1061   9.9738e+01       4.6216    0.457       J1452.0-4148
 0.5750    0.2875   5.2093e-01       5.0855    3.495       J1454.3-5551
 0.2026    0.2991   1.3425e-01       4.6128    0.996       J1454.3-3946
 0.4768    0.2352   1.3160e+00       6.7802    3.664       J1456.3-5419
-0.1118    0.0544   3.4646e+00       4.7132    1.091       J1456.7-6050
 0.4947    0.1789   1.9400e+00      12.8664    4.176       J1458.8-2120
 0.4825    0.2334   9.9555e-01       7.1105    3.009       J1500.1-5846
 1.0000       nan   7.0839e-01       8.2228    4.796       J1500.2+2640
 0.2913    0.0890   1.0531e+00      11.0791    4.963       1501.0-6310e
 0.9836       nan   2.5596e+00       6.4919    4.243       J1502.2-5933
 0.0853    0.2545   1.8976e+01       4.1123    0.000       J1504.6+4343
 0.4593    0.3004   5.6455e-01       4.9351    2.661       J1505.1-5145
 0.1565    0.0998   1.2166e-01       5.4501    2.131       J1505.3-5852
 0.2721    0.1757   1.8713e+00       6.0090    2.346       J1506.5-5708
-0.0288    0.0844   3.6367e+05       4.5229    0.295       J1507.1-1901
-0.0029    0.0292   1.1475e-16      14.0462    0.081       1507.9-6228e
 0.2900    0.1900   1.0259e+00       7.8856    2.689       J1510.1-5750
 0.3472    0.6643   8.4351e-01       6.9895    3.274       J1511.2-5803
 0.2433    0.1511   9.1932e-01       5.0084    2.128       J1513.0-3118
 0.3663    0.1544   2.3582e+00       8.5879    3.514       J1513.7-1519
 0.1718    0.1428   1.5719e-01       5.0251    0.939       J1514.0-6240
 0.1420    0.0486   3.7201e-01      24.0568    3.605       J1514.8+4448
 0.0733    0.1187   2.0714e-02       5.1112    0.749       J1515.5-4242
 0.0601    0.0818   6.7041e-04       6.4387    1.185       J1515.6-5817
 0.1487    0.0703   3.0027e-01      11.7469    2.553       J1517.7-4446
 0.5240    0.1139   1.7819e+00      18.8386    6.782       J1517.9-5233
 0.0668    0.1029   3.6078e+00       8.5134    0.759       J1519.7+6727
 0.1286    0.0951   2.9298e-01       7.0806    1.665       J1520.9-3805
 0.1675    0.1358   4.3064e-01       4.7059    1.501       J1521.5-8057
-0.0129    0.0404   1.6734e+03      10.3382    0.300       J1526.3-4501
 0.6611    0.2421   1.6472e+00       9.1789    4.900       J1526.6-3810
 1.0000       nan   1.9835e+00      11.0391    5.098       J1526.6-2743
 1.0000       nan   1.3574e+00      10.8023    6.379       J1527.8+1013
 0.3213    0.2041   4.3612e-01       4.2161    2.370       J1527.9-4943
-0.0277    0.0912   9.6275e+00       4.4976    0.279       J1528.4+2004
 0.7972    0.2844   9.1516e-01       6.9346    4.095       J1529.4-6027
 0.7207    0.2936   1.4017e+00       7.8483    4.367       J1530.0-1522
-0.0308    0.1054   1.2535e+04       4.0852    0.266       J1530.5+5850
 0.1954    0.1449   2.0399e+00       5.0969    1.775       J1531.6+0406
 0.0592    0.0902   2.3512e-01       4.3753    0.724       J1532.3-3857
 0.1989    0.0866   7.3228e-01      11.4304    3.093       J1534.0-5232
 0.2935    0.1469   1.6140e+00       7.8444    3.029       J1534.3-3312
 0.4393    0.2583   1.9331e+00       5.0360    2.900       J1534.4-6719
 0.9979       nan   3.6527e+00       6.9907    4.110       J1534.7-5842
 0.2588    0.0745   4.7346e-01      18.3282    4.779       J1535.9+3743
 0.3144    0.1500   2.5885e-01       9.3409    3.246       J1536.8-4327
 0.5533    0.2812   9.3308e-01       5.4811    3.522       J1537.3-6110
 0.5031    0.1692   4.8940e-01       9.6188    4.809       J1538.0-4638
 0.6168    0.1110   3.3783e-01       4.6676    2.761       J1538.2-6201
 0.0989    0.1098   3.4709e-01       5.3376    1.073       J1538.9+0425
 0.0809    0.1166   2.3511e-02       4.6764    0.784       J1539.1+1008
 0.6657    0.0930   2.6621e+00      30.5315   12.747       J1539.4-3323
 1.0000       nan   2.5278e+00       5.5397    3.966       J1541.2-5201
 0.1945    0.1153   4.3712e-01       5.9316    2.188       J1542.1-5901
 0.3212    0.1846   6.8894e-01       5.2235    2.605       J1543.4-5925
 0.5211    0.1489   7.9038e-01      13.6967    5.615       J1543.6-0244
 0.3397    0.0804   8.1126e-01      17.9647    6.093       J1544.2-2554
-0.1164    0.0355   7.7792e+00       5.6424    2.212       J1544.9+3218
 0.1944    0.1385   2.2035e-01       5.9422    1.946       J1545.2-4553
 0.0831    0.0988   5.4769e-01       4.3634    0.966       J1546.8-3244
 0.2942    0.1205   3.9538e-01       9.1330    3.654       J1547.4-4802
 0.0168    0.0507   6.0994e-06       7.9728    0.347       J1547.5-5130
 0.7260    0.3175   7.3664e-01       8.3143    4.098       J1548.1-4416
 0.1777    0.8203   4.1618e-01       5.3306    1.754       J1550.4-5354
-0.0316    0.0649   1.8766e+00      10.4267    0.415       J1550.6+6027
 0.1244    0.1014   1.0596e-01       5.6334    1.456       J1551.7-4257
 1.0000       nan   5.5227e-01       5.7971    4.577       J1551.9-6015
 0.1021    0.0189   1.1622e+00      36.4684    7.495       1553.8-5325e
 0.1031    0.0804   2.0413e+01       8.3459    1.439       J1554.2+2008
 0.5270    0.2486   1.7417e+00       7.4253    3.032       J1555.2+7103
 0.5583    0.3425   1.8654e+00       5.7539    2.840       J1556.4-6911
 0.2245    0.2022   4.6602e+00       4.3124    1.514       J1557.2+3822
 0.1700    0.1088   5.2388e-01       5.1572    1.960       J1559.7-4518
 0.0299    0.0641   1.8070e-02       5.8211    0.494       J1602.0-4402
 0.6334    0.2023   2.0995e+00      13.8592    5.428       J1602.2+2305
 0.3131    0.0887   2.6115e+00      16.9039    5.061       J1603.3-6010
 0.0322    0.0766   2.6599e-03       6.9671    0.450       J1603.6-0451
 0.9433    0.3568   1.8232e+00       5.3417    3.404       J1604.4-4927
 0.1590    0.1491   4.0657e-01       5.9411    1.342       J1606.6+1324
-0.0128    0.0591   1.8931e+08       6.1348    0.191       J1608.4+0055
 0.4637    0.1244   3.2639e-01       6.4652    3.416       J1608.8-4803
 0.4096    0.0885   8.7116e-01       8.2802    4.982       J1610.3-5154
 0.9967       nan   1.7837e+00       6.6913    4.204       J1611.6-6013
 0.3421    0.1082   5.3484e-01       7.8642    5.161       J1611.9-5125
 0.6441    0.1752   1.9836e+00      14.6433    6.183       J1612.1+1407
 0.4918    0.0871   5.6431e-01       4.2240    2.360       J1612.1-4526
 0.3716    0.2167   1.8792e+00       5.0607    2.209       J1612.4+0409
 0.9671    0.0833   4.7241e-01       5.0476    2.965       J1612.4-4419
 0.3503    0.1007   7.3941e-01      11.8614    6.501       J1613.0-5102
 0.3880    0.2220   3.4503e+00       4.8340    2.469       J1615.3-1512
 0.0752    0.0968   1.5613e-01       4.8355    0.893       J1615.5-5434
 0.2357    0.2226   2.2678e-01       4.4601    1.594       J1615.9-4322
 1.0000       nan   1.6386e+00      17.5090    8.585       J1616.6-5341
 0.5617    0.0838   5.6200e-01       8.0549    6.479       J1616.6-5009
 0.1213    0.0932   6.2423e-01       7.4426    1.837       J1618.0-5119
 0.5373    0.6494   4.6175e-01       6.5968    3.145       J1618.3-4537
 0.5149    0.1057   9.0093e-01       7.2964    5.805       J1619.3-5047
 0.1159    0.0734   8.9170e-01       7.3891    2.138       J1619.4-5106
 0.3687    0.1115   2.0232e+00       6.6072    3.180       J1619.5-5014
 0.5375    0.4397   1.2265e+00       4.4488    2.859       J1620.5-5729
 0.1853    0.0985   7.8792e-01       8.8240    3.333       J1620.8-4958
 0.1198    0.0733   4.9725e-01       5.9268    2.206       J1620.8-5035
 0.3751    0.2055   5.9265e-01       4.5612    2.835       J1621.0-2625
 0.1834    0.1231   5.9707e-01       6.5756    2.139       J1622.0-5157
 0.2911    0.1082   1.2094e+00      12.4713    3.719       J1622.2-7202
 0.2390    0.0637   6.0684e-01       5.8623    2.438       J1622.5-4726
 0.3127    0.0848   5.6316e-01       7.9081    5.259       J1622.7-4934
 0.2883    0.0780   1.2411e+00       4.1905    2.444       J1622.8-4454
 0.0534    0.0753   4.8370e-02       5.6599    0.844       J1623.0-4624
 0.0593    0.0882   7.6330e-02       4.2719    0.795       J1623.7-2315
 0.3139    0.1024   1.2402e+00      13.2090    4.097       J1623.9-6936
 0.5416    0.2945   1.9311e+00       6.4980    3.851       J1624.1-4941
 0.2489    0.1396   6.5804e-01       5.3793    2.513       J1624.1-4417
 0.3499    0.1066   1.4393e+00      13.1306    5.085       J1624.3-3952
 0.8213    0.2968   7.1300e-01       5.9330    4.156       J1624.9-4538
 0.9878       nan   4.6163e-01       5.8157    4.757       J1625.3-2338
 0.0164    0.3409   1.2876e-05       7.2054    0.386       J1626.0-4917
 0.0950    0.0671   2.4451e-01       8.7450    1.710       J1626.5-4406
 0.0029    0.0725   2.7477e+01       7.3417    0.063       J1626.5+6257
 0.3813    0.2036   4.3489e-01       5.7417    3.455       J1626.6-4251
 0.3740    0.1410   7.4252e-01       8.7766    3.627       J1627.7-5749
 0.6742    0.1686   1.8190e+00      17.9288    6.766       J1627.7+3219
 0.9978       nan   2.9176e+00       5.5471    3.640       J1628.0-4920
 0.1516    0.1293   5.9502e-01       5.3912    1.707       J1628.6-4553
 0.3611    0.1514   5.4992e-01       6.7336    4.066       J1629.3-4822
 0.9992       nan   2.1888e+00       9.8918    5.821       J1630.1-1049
 0.2682    0.1517   3.5286e-01       5.2074    2.440       J1630.1-3546
 0.0920    0.1377   3.6416e+01       6.6284    0.793       J1631.8+4144
 0.5706    0.2195   1.8769e+00       9.4650    2.769       J1632.5+3839
-0.0493    0.0488   6.0886e+01       4.7614    0.897       J1634.6-4324
 1.0000       nan   2.0097e+00       6.7699    4.821       J1634.7+0235
 0.4445    0.1815   2.0132e+00      10.8222    3.400       J1635.3+4258
 0.2225    0.1045   3.9106e-01       8.4530    2.886       J1635.4-3249
 0.2726    0.0969   5.9731e-01      10.6308    5.062       J1636.9-4710
 0.0584    0.1121   2.0788e-03       5.0831    0.549       J1637.5+3005
 0.0689    0.0783   3.1671e-02       6.9565    0.955       J1639.0-2727
 0.5228    0.1994   3.0254e-01       8.8340    4.441       J1639.2-5638
 0.2097    0.0403   1.3060e+00      34.6074    7.193       J1639.3-5146
 0.1466    0.0558   2.6575e-01      10.5842    3.933       J1639.8-4642
 0.1784    0.0816   5.3609e-01       9.9728    3.003       J1640.3-4917
 0.3089    0.1095   3.6537e-01      11.2585    3.982       J1641.3-2908
 0.0189    0.1152   1.0644e+06       4.6849    0.134       J1641.5+2017
 0.1600    0.1610   7.1576e-02       4.1965    1.113       J1643.1+1436
 0.4032    0.1827   1.6522e+00       8.9174    3.455       J1643.3-3148
 0.2698    0.1530   4.2983e+00       6.7482    2.398       J1644.8+1850
 0.5315    0.4328   3.2576e-01       5.6836    2.553       J1644.9-4921
 0.1041    0.1531   1.2289e+00       5.2537    0.767       J1645.0+1654
 0.3542    0.2247   2.3720e+00       4.4753    2.568       J1645.1-4123
 0.2968    0.1708   3.3851e-01       4.6140    2.698       J1645.2-5218
 0.1841    0.1094   4.6063e-01       5.0516    2.301       J1646.5-4406
 0.5448    0.2488   7.9030e-01       8.2158    4.610       J1646.7-2154
 0.0626    0.1095   3.2830e+02       6.0641    0.619       J1648.1-1547
 0.1502    0.1951   3.0973e+00       4.8110    1.007       J1648.7+4834
 0.4002    0.1616   4.5012e-01       6.8637    4.847       J1649.2-4513
 0.4102    0.1632   1.8044e+00       9.6803    4.640       J1649.3-4441
 0.4036    0.0932   1.2712e+00      19.3727    6.735       J1649.8-3010
 0.3947    0.0686   5.1958e-01       5.0371    4.279       J1650.9-4420
 0.6400    0.2434   6.4187e-01       7.2147    4.288       J1651.1-5848
-0.0297    0.0681   1.0893e+01       4.4055    0.398       J1651.7-7241
 0.9460    0.2026   2.3744e+00       8.7405    5.587       J1651.7-4359
 0.0262    0.0148   1.6394e+01      26.3078    1.784       1652.2-4633e
 0.3969    0.1633   9.1214e-01       7.8949    4.395       J1652.2-4516
 0.9063    0.3806   4.2006e+00       4.7470    2.655       J1653.0+3640
 0.2966    0.0628   5.1679e-01      14.3182    7.047       J1653.2-4349
 0.0833    0.0926   8.3237e-02       6.3238    1.194       J1654.2-4907
 0.9308    0.3134   3.9582e-01       5.8745    3.071       J1654.5-5509
-0.0047    0.0313   8.4710e+05       8.6386    0.158       1655.5-4737e
 0.4597    0.2947   2.2457e+00       5.7694    2.379       J1655.9-3940
 0.2687    0.1379   7.0223e-01       6.1726    2.451       J1655.9-3101
 0.5994    0.2856   2.0872e+00       7.9979    3.853       J1656.4-0410
 0.9392    0.3199   1.5894e+00      10.2299    5.811       J1656.5-2733
 0.6113    0.2898   6.4434e-01       6.0805    3.612       J1656.9-5717
 0.4717    0.3310   1.5963e+00       4.8945    2.161       J1657.4-3917
 0.1456    0.1078   1.2335e+00       5.7405    1.899       J1657.7-4656
 0.0700    0.0960   3.1481e-01       5.7585    0.907       J1657.7-4520
 0.1127    0.1297   9.0911e-01       4.7024    1.248       J1658.3-4637
 0.4458    0.1615   1.9787e+00      13.2846    4.464       J1659.0-0140
 0.2673    0.1785   1.2239e+00       7.6766    2.426       J1659.2-1443
 0.4521    0.3642   7.3851e-01       4.4061    1.577       J1659.9-0122
 0.4685    0.1105   3.6399e-01       5.7267    4.341       J1700.2-4237
 0.3440    0.1032   8.8957e-01       6.4828    3.110       J1700.3-4557
 0.2736    0.1331   3.4177e-01       5.5259    2.822       J1700.8-5218
 0.2986    0.1747   8.3551e-01       4.7041    2.526       J1701.3-4924
 0.2370    0.2042   3.3105e-01       4.4419    2.141       J1701.9-4625
 0.2402    0.1244   3.3710e+00       6.9530    2.461       J1702.3-2525
 0.0925    0.1076   1.4409e-01       4.2011    1.086       J1702.5-4803
 0.2464    0.0354   4.1424e-01      38.9105   10.048       J1702.7-5655
 0.3240    0.1102   1.1276e+00      10.7485    3.987       J1703.6-2850
 0.3636    0.1078   1.5779e+00      13.6397    5.801       J1704.8-4030
 0.5377    0.5766   6.4093e-01       5.3222    3.521       J1705.1-4748
 0.9952       nan   2.9447e+00       7.1678    3.414       J1705.2-3850
 0.4386    0.1932   5.7885e-01       6.2491    3.703       J1705.4-4850
 0.7331    0.4091   7.1160e-01       5.4158    3.725       J1706.2-4950
 0.3793    0.1374   9.2908e-01       4.0629    2.028       J1706.4-4609
 0.8160    0.2088   5.4310e-01       4.6873    1.924       J1706.4-4649
 0.1796    0.0925   2.6680e-01       5.7569    2.889       J1706.5-4023
 0.2765    0.1879   4.7770e-01       6.4873    2.395       J1706.8-4540
 0.0162    0.1019   1.7165e-07       4.9384    0.215       J1707.6-5351
 0.2483    0.1538   4.4448e-01       4.7768    2.399       J1708.8-0923
 0.9948       nan   5.4568e+00       5.8287    3.614       J1709.4-2127
 0.0922    0.0640   6.0231e-02      10.6583    1.675       J1709.4-0328
 0.6511    0.2392   8.7989e-01       8.3760    5.231       J1709.9-0900
-0.0246    0.0710   2.3348e+03       7.4273    0.317       J1710.0+4629
 0.3783    0.2693   2.5159e+00       5.5674    2.454       J1710.3-3039
 1.0000       nan   2.7548e-01       5.2238    3.770       J1710.8+1135
 0.9750    0.1305   1.3559e+00      10.8942    6.982       J1711.0-3002
 0.1699    0.1284   3.3779e-01       5.8554    1.669       J1711.4-2526
 0.4544    0.1523   2.0291e+00      10.4043    4.552       J1711.9-1922
-0.0262    0.0753   3.9093e-01       4.0674    0.363       J1712.9-4105
 0.7633    0.5181   3.0037e+00       4.4451    2.706       J1714.8-1421
 0.2658    0.0808   7.5217e-01      12.5577    5.392       J1714.8-3849
 0.5247    0.1712   1.7480e+00      12.3968    4.484       J1714.9-3324
 0.1095    0.1272   2.2993e-01       5.1057    1.451       J1715.7-4239
 0.1543    0.0922   6.4825e+00      10.2151    2.079       J1716.1+2309
 0.1913    0.1356   1.3432e+00       4.3846    1.878       J1716.9-4152
-0.0251    0.0636   6.5058e+03       4.2437    0.361       J1717.0-3218
 0.3196    0.1130   1.2581e+00      15.4787    4.087       J1717.5-5804
 0.9983       nan   3.4086e+00       6.3848    4.448       J1717.5-4022
 0.2134    0.1282   4.4508e-01       6.9726    2.597       J1717.6-4404
 0.0554    0.1166   8.4023e-03       5.5350    0.522       J1717.8+1955
 0.5412    0.2925   9.1430e-01       7.0189    4.112       J1719.0-4221
-0.0081    0.0532   9.0424e+04       6.3904    0.125       J1719.1-5348
 0.5228    0.2219   7.6760e-01       6.7736    3.554       J1719.4-2916
 0.1190    0.0943   3.0774e-01       5.9031    1.580       J1720.1-4358
 0.3805    0.1050   9.3350e-01      15.6382    5.186       J1720.6+0708
 0.5094    0.1801   9.2514e-01      11.3153    4.619       J1721.3-5257
-0.0819    0.0541   1.0086e+02       5.0687    1.146       J1721.4+2529
 0.0010    0.0736   1.1028e-79       5.0520    0.038       J1721.4+1131
 0.2326    0.0912   7.2420e-01       9.2866    3.538       J1721.7-3917
 0.3168    0.1023   1.0541e+00       7.4518    2.716       J1722.1-3205
 0.9871       nan   2.2620e+00       4.9540    3.699       J1722.6-3135
 0.2507    0.0984   8.5311e-01       9.9130    3.595       J1722.8-0418
 0.3501    0.2297   5.3350e-01       4.6468    2.740       J1723.1-2859
-0.0199    0.0206   2.8198e+00      10.8578    0.870       1723.5-0501e
 0.1090    0.1109   3.1112e-01       4.6234    1.246       J1723.6-4126
 0.9206    0.2639   9.1753e-01       6.3253    4.518       J1724.5-3008
 0.1591    0.1066   4.9695e-01      10.2343    2.134       J1725.1-1924
 0.0851    0.0895   6.4547e-02       6.3551    1.096       J1725.5+0840
 0.4329    0.2404   1.4958e+00       5.5020    3.166       J1726.2-2903
 0.2566    0.0842   9.7529e-01       4.3608    1.101       J1726.7-3930
 0.0980    0.0891   3.0310e-01       5.1884    1.328       J1726.8-2659
 0.2658    0.1296   1.4660e+00       8.2783    2.742       J1727.4+0326
 0.2287    0.1232   1.3244e+00       9.0877    2.824       J1727.6-2304
 0.4079    0.3567   4.3212e-01       5.1489    2.469       J1727.6-0849
 0.2233    0.1931   8.5101e-01       4.3994    1.796       J1727.7-3621
 0.3817    0.0759   3.7738e-01       6.8988    4.132       J1728.0-3550
 0.5775    0.2709   1.4211e+00       8.8243    4.237       J1728.1-1610
 0.3455    0.1475   1.4500e+00       8.7028    3.636       J1729.1-3503
 0.5112    0.1147   8.3445e-01       7.2045    3.925       J1729.4-2831
 0.5653    0.3912   8.7989e-01       6.4926    3.851       J1729.7-4242
 0.1308    0.1006   4.9416e-01       8.3156    1.420       J1729.9-4148
 0.7284    0.3476   5.7643e-01       6.8479    4.185       J1730.1-4343
 0.9997       nan   2.9182e+00       5.1085    3.750       J1730.3-2913
 0.5756    0.1284   1.5437e+00      17.5202    7.176       J1730.4-0359
 0.6565    0.2633   1.8825e+00       7.6285    4.076       J1730.8-3806
 0.2305    0.2004   1.4848e+01       5.3042    1.396       J1730.8-1123
 0.8120    0.2815   6.9609e-01       6.1645    4.083       J1731.7-1850
 0.3234    0.1092   1.5390e+00       4.1530    2.623       J1732.0-2659
 0.3107    0.1334   5.9897e-01       5.6302    3.028       J1732.7-2559
 0.1853    0.1018   5.0673e-01       7.0622    2.405       J1733.2-2915
 1.0000       nan   2.1570e+00       7.3681    4.098       J1733.4+2235
 0.4899    0.2443   8.7141e-01       6.8936    3.738       J1733.6-2431
 0.7019    0.2841   4.5853e-01       7.0169    4.636       J1733.9-2220
 0.4967    0.0963   1.7479e+00       7.9905    3.754       J1734.0-2933
 0.6221    0.2680   8.3417e-01       9.6266    4.691       J1734.5-2818
 0.1396    0.0978   6.9535e-01       6.2140    1.684       J1735.2-1640
 0.2418    0.0976   3.6376e-01      10.9944    3.600       J1735.3-0717
 0.3850    0.1015   1.3440e+00      16.9631    5.851       J1736.1-3422
 0.2752    0.1656   6.1912e-01       4.7560    2.661       J1736.3-2929
 0.0650    0.1004   2.6758e-01       4.6126    0.752       J1737.2-2421
-0.0355    0.0568   8.9978e+01       5.1333    0.533       J1737.3-5300
 0.4553    0.1362   7.3596e-01       7.7171    3.246       J1737.3-3332
 0.1890    0.1054   6.9795e-01       5.9697    2.370       J1737.6-2350
 0.1899    0.5483   1.7400e-01       4.2992    0.912       J1738.0+0236
 0.7612    0.1382   7.1920e-01      11.0443    7.080       J1738.1-2453
 0.3955    0.1677   6.4590e-01       6.7774    2.276       J1738.8-3241
 0.9999       nan   1.0401e+00       5.1523    3.447       J1739.1-1059
 0.2761    0.1291   6.0974e-01       8.4595    3.351       J1739.2-2717
 0.3534    0.1293   8.3692e-01      11.2251    4.603       J1739.3-2531
 0.9465    0.3278   1.2701e+00       6.7211    4.662       J1739.5-2929
 0.2588    0.6473   3.3630e-01       5.0678    2.025       J1739.6-3155
 0.9989       nan   2.5838e+00       6.9910    3.956       J1739.7-2836
 0.2387    0.1394   2.3010e-01       5.5743    2.228       J1740.1-1928
 0.3834    0.1814   1.9224e+00       6.8789    3.455       J1740.4-2850
 0.2075    0.1520   6.8198e-01       5.9211    2.178       J1740.6-3430
 0.1837    0.1001   9.0757e-02       8.4363    2.241       J1740.7-6750
 0.7970    0.1899   1.7150e+00       8.5034    4.984       J1740.7-2640
 0.5839    0.2530   1.9661e+00       5.0981    3.133       J1741.1-3328
 0.5840    1.8111   1.3108e+00       5.9903    3.121       J1741.3-3357
 0.9044    0.2560   2.6434e+00       7.4517    4.612       J1741.5-3119
 0.5411    0.2605   8.6662e-01       5.7059    3.849       J1741.5-2344
 0.0038    0.0108   9.4255e-02      29.3928    0.381       1741.6-3917e
 0.4449    0.0922   6.1542e-01       6.5205    3.814       J1741.6-2730
 0.2844    0.1901   6.2823e-01       5.1173    2.736       J1742.5-2833
 0.4799    0.1678   6.3854e-01      11.1711    4.369       J1742.8-2246
 0.1763    0.1302   5.6061e-01       5.7961    2.595       J1743.1-3049
 0.2588    0.0758   1.8353e+00       4.0967    2.315       J1743.4-3123
 0.2304    0.1001   3.3511e-01       5.8919    2.978       J1743.4-2406
 0.1658    0.1166   1.8900e+00       5.8117    2.060       J1743.6-3341
 0.5629    0.1440   9.8604e-01      13.6817    6.143       J1743.7-4321
 0.1282    0.5571   4.2047e-01       6.5099    0.999       J1743.8-3143
 0.6184    0.4916   5.6915e-01       5.5453    3.739       J1743.9-3539
 0.3992    0.1190   1.6699e+00      12.7269    4.943       J1744.0-1311
 0.3490    0.1094   8.5147e-01      10.6479    4.725       J1744.7-1557
 0.6174    0.2233   1.4507e+00       8.3379    4.891       J1744.9-3322
 0.2130    0.1278   4.8705e-01       5.5844    2.412       J1744.9-2153
-0.1083    0.0365   2.0279e+01       5.5583    1.924       J1745.3+2338
 0.2208    0.0605   9.2916e-01       7.4705    2.042       J1745.6-3626
 0.3499    0.1826   1.3272e+00       6.2362    3.411       J1745.6-3145
 0.0218    0.0165   2.4029e-02      27.3935    1.472       1745.8-3028e
 0.2270    0.0718   5.8740e-01       4.5096    2.186       J1746.1-2541
 0.2701    0.5515   3.5073e-01       6.3688    2.849       J1746.5-2019
 0.5752    0.2510   7.6672e-01      13.7531    5.922       J1747.0-3505
 0.2119    0.0805   1.2978e+00      13.0936    3.345       J1747.6+0324
 0.3602    0.5467   3.3870e-01       5.5782    2.213       J1747.7-2141
 0.2152    0.1832   8.9034e+00       4.3608    1.312       J1747.8-0316
 0.4037    0.2197   1.7031e+00       5.2565    3.354       J1747.9-3224
 0.0855    0.0780   1.6436e-01       6.3238    1.339       J1748.2-1942
 0.5652    0.1808   1.7757e+00      12.4792    6.532       J1748.3-2906
 0.5132    0.3173   8.4496e-01       4.5241    2.884       J1748.4+1601
 0.5254    0.4313   3.6038e-01       6.6230    3.904       J1749.0-2327
 0.8617    0.2581   2.6871e+00       7.2308    4.283       J1749.6-3143
 0.2177    0.0668   3.2501e-01      13.8554    4.220       J1749.8-0303
 0.7450    0.2474   9.0452e-01       7.8082    5.516       J1750.0-3849
 0.3951    0.1687   6.5911e-01       7.0997    3.855       J1750.4-1721
 0.1997    0.0931   3.3985e-01       6.7470    2.782       J1750.6-1906
 0.3470    0.1391   1.5747e+00       4.7699    2.220       J1750.8-4405
 0.1561    0.1218   1.3405e+00       5.4485    1.521       J1750.9-3301
 0.0415    0.0605   6.0994e-02       7.1691    0.751       J1751.6-1750
 0.2578    0.1829   4.4849e+00       4.5364    1.959       J1752.0+3606
 0.3088    0.1874   4.1003e-01       4.7620    2.879       J1752.3-2914
 0.2253    0.0721   1.2623e+00       4.2514    2.156       J1752.3-3139
 0.8463    0.2554   1.3060e+00       7.2922    4.462       J1752.7-3040
 0.4241    0.1697   1.6741e+00       9.2842    4.231       J1752.8-4449
 0.2134    0.0370   1.1452e+00      32.9534    8.632       J1753.8-2538
 0.1270    0.0824   1.9467e+00      10.7225    1.845       J1753.9+2443
 0.6593    0.3046   1.7867e+01       6.4511    1.863       J1754.1-4333
 0.4377    0.1760   1.0026e+00       6.9995    3.968       J1754.3-4443
 0.7934    0.2420   8.7937e-01       6.7327    4.736       J1754.3-3236
 0.6555    0.1804   1.2603e+00      14.4710    5.492       J1754.6-2933
 0.9999       nan   2.6261e+00       6.6001    4.077       J1754.8-3200
 0.2492    0.1738   4.3576e-01       4.6500    1.991       J1755.9-4009
 0.1360    0.1985   2.3134e-02       4.6154    0.712       J1756.3+0236
 0.5237    0.1965   1.2585e+00       7.1217    3.853       J1757.1-3554
 0.3797    0.1491   1.0198e+00       4.0571    2.652       J1757.1-2848
 0.2897    0.1061   7.5236e-01      10.3776    3.953       J1757.4-3125
 0.4793    0.2960   1.3672e+00       5.2740    3.333       J1757.6-2731
 0.4664    0.1317   3.4915e+00      17.3694    5.500       J1757.7-6032
 0.9943       nan   2.3490e+00       6.0602    4.536       J1758.0-2953
 0.3103    0.0793   5.1271e-01       8.0279    3.507       J1758.3-1920
 0.1889    0.0581   8.3061e-01      16.8374    3.970       J1758.7-4109
 0.0552    0.1254   2.9329e-04       4.4638    0.480       J1759.0-0107
 0.9316    0.2931   6.7394e-01       6.3658    4.786       J1759.2-0243
 0.2694    0.0853   1.0848e+00       8.3342    5.115       J1759.7-2354
 0.2202    0.1285   7.4071e-01       5.7611    2.255       J1759.8-1250
 0.1772    0.1372   3.6649e-01       5.4326    1.639       J1800.1-0323
 0.8920    0.4325   1.2842e+00       6.2076    4.220       J1800.2-2952
 0.0429    0.0758   1.7523e+00       4.2323    0.705       J1800.2-2403
 0.3777    0.1372   9.5484e-01       4.2689    2.633       J1800.5-2910
 0.1597    0.0725   8.8637e-01       9.3647    3.286       J1800.9-2407
 0.6004    0.2794   1.0105e+00       6.0514    3.801       J1801.0-2802
 1.0000       nan   3.5905e+00       6.6772    4.925       J1801.1-2626
 0.2827    0.1901   3.1635e-01       4.3857    1.865       J1801.4-4307
 0.0417    0.0421   1.2143e-01      10.0602    1.175       J1801.8-2358
 0.5408    0.2305   1.0893e+00       6.4758    4.200       J1802.1-2652
 0.8661    0.3759   1.2901e+00       6.3984    3.910       J1802.4+3634
 0.3944    0.1279   3.5715e+00      13.9244    5.143       J1802.4-3041
 0.4336    0.2476   5.7592e-01       5.5755    2.729       J1802.8-4719
 0.2986    0.1329   7.8703e-01       7.3567    3.478       J1803.1-2724
 0.2522    0.0785   1.7256e+00      17.3542    4.276       J1803.1-6708
 0.4286    0.1778   1.2636e+00       8.2014    3.561       J1803.2+1402
 0.2078    0.2054   5.3092e-02       5.7071    1.393       J1803.3+2425
 0.9732    0.2514   8.3634e-01       5.5871    4.506       J1803.5-1639
 0.5365    0.2148   8.9237e-01       6.8525    4.197       J1803.7-3207
 1.0000       nan   6.9132e-01       8.0572    6.196       J1803.8-2908
 0.9688       nan   1.0418e+00       5.4661    3.998       J1804.0-1124
 0.1175    0.0601   2.2586e-01      10.4860    2.294       J1804.4-0852
 0.3269    0.1104   3.7296e-01       4.8043    2.820       J1804.9-1745
 0.7475    0.2028   1.6771e+00      12.4577    6.325       J1805.1-3618
 0.3236    0.1081   4.2871e-01      12.4159    4.279       J1805.7+3401
 0.0919    0.1004   1.5589e-01       4.1229    1.097       J1806.1-3344
 0.1905    0.1487   2.2997e-01       4.4732    1.809       J1806.2-1347
 0.0804    0.0948   1.5247e-01       4.5738    1.047       J1806.9-2824
 0.1259    0.1352   1.9689e-01       4.1117    1.141       J1807.1+2822
 0.4617    0.1882   5.6193e-01       7.4921    4.172       J1808.1-1234
 0.5411    0.0835   6.9837e-01       7.5524    6.611       1808.2-2028e
 0.6754    0.4093   4.6348e-01       6.4124    4.294       J1808.2-1055
 0.8911    0.1203   1.1276e+00      16.1206    9.384       J1808.4-3358
 0.1301    0.1294   1.9057e-01       5.0567    1.195       J1808.4-4521
 0.7562    0.3965   2.1511e+00       5.9933    3.416       J1808.4-3522
 0.3850    0.1419   9.5951e-01       9.6841    4.101       J1808.5-3701
 0.7934    0.2730   1.1244e+00       5.5671    4.140       J1809.0-2853
 0.1572    0.0834   4.1168e-01       7.6300    2.419       J1809.2-2726
 1.0000       nan   1.1210e+00       6.3226    4.186       J1810.2-3054
 0.2368    0.1562   5.5588e-01       5.4035    1.922       J1810.3+1332
 0.2476    0.0759   4.9639e-01       4.3570    1.799       J1810.5-1415
 0.2378    0.1586   1.6310e+00       4.3178    1.988       J1810.8-3347
 0.1251    0.1113   4.5188e-01       4.3968    1.421       J1811.0-2725
 0.3672    0.1288   1.3798e+00       4.9002    2.724       J1811.7-1442
 0.6527    0.2915   8.7889e-01       5.1966    4.411       J1811.9-2336
 0.7044    0.2458   4.1840e-01       7.6819    5.136       J1812.2-0856
 0.4462    0.1518   1.7970e+00      10.5644    4.384       J1812.8-3144
 0.3049    0.1227   6.9506e-01       8.1646    3.832       J1813.2-1128
 0.4932    0.2061   2.5716e+00       8.9231    3.818       J1813.5+2819
 0.2019    0.1142   5.0974e-01       8.1266    2.953       J1813.7-1152
 0.2286    0.1109   8.1659e-01       9.9637    2.887       J1813.7-6846
 0.9933       nan   4.0367e-01       5.8920    4.164       J1814.2-1012
 0.6634    0.4764   1.6388e+00       6.5653    3.373       J1814.2-3000
 0.6922    0.2154   1.5437e+00       9.8576    6.000       J1814.4+3132
 0.5888    0.2506   8.9352e-01       6.8199    3.636       J1814.6-2537
 0.3582    0.1770   7.7882e-01       9.0605    3.899       J1814.7-3420
 0.5892    0.2887   3.5956e-01       7.7068    3.505       J1815.1+5917
 0.4953    0.2473   7.4312e-01       5.8651    3.855       J1815.3-1336
 0.2512    0.1084   4.9438e-01       8.4651    3.492       J1815.8-1416
 1.0000       nan   9.2333e-01       5.4783    4.511       J1816.3-2903
 0.0339    0.0890   3.4031e-04       4.2710    0.404       J1816.4-0057
 0.3562    0.1190   7.1824e-01       9.1749    4.819       J1816.4-2727
 0.3532    0.1146   9.0685e-01      12.7119    4.648       J1816.4-6405
 0.1036    0.1129   3.9380e-01       4.8132    1.084       J1816.5-1208
 0.2796    0.1174   1.6266e+00      10.4285    3.033       J1816.7+1749
 0.0607    0.0500   2.7225e-01      11.6840    1.345       J1817.2-3035
 0.9990       nan   9.9540e-01       5.1374    4.352       J1817.6-3251
 0.5456    0.1511   1.2389e+00      11.1421    5.769       J1817.9-3334
 0.3705    0.1025   6.3473e-01       8.0348    3.610       J1817.9-1135
 0.5315    0.3436   1.6065e+00       5.5746    3.195       J1818.0-1339
 0.3743    0.1559   1.7708e+00       8.8348    3.283       J1818.1-2000
 0.0472    0.0809   2.7241e-02       5.2444    0.676       J1818.3-1233
 0.2017    0.1379   1.5309e-01       6.0837    1.854       J1818.5+2533
 0.5288    0.1589   1.8119e+00      12.4026    5.385       J1818.6+1316
 0.3328    0.0705   3.9262e-01      14.9785    7.187       J1818.6-1533
 0.5325    0.1929   8.1508e-01       7.1886    4.692       J1818.6-3206
 0.1848    0.1137   8.1579e-01       5.6781    1.945       J1818.8-0828
 0.5259    2.4405   7.7872e-01       6.8877    3.530       J1819.4-1102
 0.2713    0.9200   2.2665e-01       4.5930    2.132       J1819.9-1300
 0.3117    0.1347   8.8900e-01       7.5297    3.335       J1819.9-2926
 0.9999       nan   1.8706e+00       9.6487    5.958       J1819.9-1530
 0.5017    0.2533   1.6648e+00       7.9764    3.725       J1820.7-3217
 0.0929    0.0820   2.2999e+01       7.6952    1.249       J1821.6+6636
 0.4568    0.0994   6.8911e-01       7.0014    3.976       J1822.6-2502
 0.1865    0.1290   3.5735e-01       6.0060    2.037       J1822.8-1118
 0.3731    0.1420   1.2384e+00      10.4406    3.470       J1822.9-4718
 1.0000       nan   1.2467e+00       6.7229    5.081       J1823.2+1209
 0.1978    0.0385   8.7647e-01      27.4967    7.279       J1823.3-1340
 0.5604    0.2739   1.7159e+00       6.7845    3.845       J1823.8-3544
 0.1574    0.1114   2.1584e-01       6.0462    1.673       J1824.2+1231
 0.6855    0.1371   3.8295e+00      19.6715    8.412       J1824.2-0621
 0.3289    0.1232   1.8314e+00      13.6705    4.089       J1824.2-5427
 0.4774    0.3702   2.1270e+00       5.7811    2.663       J1824.7+2403
 0.4359    0.2442   9.9490e-01       4.8017    2.778       J1825.9-3153
 0.2015    0.2011   2.0681e-01       4.5662    1.264       J1825.9-5614
 0.4384    0.2296   6.3081e-01       5.5837    3.241       J1826.2-2830
 0.4983    0.1214   7.0174e-01       8.0589    4.929       J1826.5-1202
 0.9846    0.1791   3.8845e+00       4.2111    2.354       J1827.2+4303
 0.3699    0.0978   1.5026e+00      15.9853    5.479       J1827.5+1141
 0.8617    0.6427   1.8347e+00       5.5636    3.020       J1828.1-1312
 0.3378    0.1341   2.2769e+00       4.6435    2.218       J1828.2-3252
 0.9890       nan   8.7418e-01       5.7905    4.105       J1829.6-2545
 0.9999       nan   1.8766e+00       5.5706    3.201       J1829.6-4310
-0.1041    0.1093   1.0344e+01       4.6547    1.406       J1830.0-1515
 0.6015    0.2301   9.0207e-01       7.7244    4.711       J1830.1-0212
-0.1366    0.0542   1.1133e+01       4.1937    1.705       J1830.1-1440
 0.2201    0.0734   1.1542e+00      18.1698    3.527       J1830.7-1634
 0.4577    0.1458   1.9916e+00      12.3781    5.098       J1830.8-3132
 0.4302    0.1168   2.0156e+00      16.9531    5.852       J1831.1-6503
 0.1705    0.1136   4.8430e-01       6.7062    2.133       J1831.6-0223
 0.0890    0.0976   3.4261e-01       5.1679    1.110       J1832.4-0152
 0.5409    0.2196   1.3309e+00       6.4736    4.059       J1833.0-3840
 0.6172    0.1082   7.8739e-01       7.3971    5.594       J1834.2-0827
 0.6486    0.2650   1.5532e+00       7.7714    3.687       J1834.3+0613
 0.5199    0.1613   1.2468e+00       9.1291    5.892       J1834.7-0724
 0.4468    0.1249   7.5605e-01       9.0509    6.032       J1834.9-0800
 0.3345    0.1325   7.8803e-01       7.7430    3.664       J1834.9-2819
 0.0923    0.0972   3.1897e-02       5.4982    1.132       J1835.3-2439
 0.5670    0.2139   9.6922e-01       8.3785    4.242       J1836.8-2354
 0.2639    0.2298   1.0802e+01       4.4420    1.594       J1836.9+4439
 0.2995    0.2406   6.3607e-01       4.3186    2.748       J1838.0-0516
 0.4604    0.3229   1.0661e+00       4.1894    2.752       J1838.1-3352
 0.2697    0.1551   9.5388e-01       6.4720    2.371       J1838.2+3223
 0.2963    0.4377   9.4809e-01       6.1746    2.318       J1838.4-0630
 0.3959    0.1437   9.4858e-01       6.0021    4.642       J1838.4-0545
 0.0267    0.1006   6.5307e-05       4.1586    0.272       J1838.5+3837
 0.2266    0.1186   5.7976e-01       5.9170    1.926       J1839.0-1502
 0.9760       nan   1.8702e+00       6.2227    3.147       J1840.4-1705
 0.8248    0.2716   1.7401e+00       9.1385    5.326       J1840.4-1139
 0.0567    0.0967   4.7992e-01       4.0806    0.651       J1841.3-4442
-0.0784    0.0561   5.6822e+00       4.3861    1.079       J1841.6+7113
 0.6167    0.1684   2.0126e+00      13.7016    6.250       J1842.1+2737
 0.1678    0.1157   2.0816e-01       4.5390    2.060       J1842.2-0328
 0.2168    0.1188   1.0815e+00       7.9342    2.612       J1843.3-1242
 0.1639    0.2410   2.3302e-01       4.7532    1.806       J1843.7-0326
 0.3787    0.1111   1.1508e+00       5.6077    2.630       J1844.8-0957
 1.0000       nan   2.3111e+00       5.1000    3.840       J1845.0+0159
 0.3255    0.0913   9.2289e-01      15.0713    5.139       J1845.8-2521
 0.5388    0.2680   3.1365e+00       8.3556    3.507       J1846.0+0507
 0.5164    0.2103   1.0030e+00       6.7951    4.861       J1846.9-0247
 0.6373    0.2858   1.8635e+00       5.7194    3.734       J1847.0-0625
 0.3484    0.0889   6.1297e-01      11.4064    6.591       J1847.2-0141
 0.1938    0.4274   5.1565e-01       5.1983    2.573       J1847.2-0200
 0.5143    0.2550   2.1289e+00       5.8999    3.423       J1847.7-3433
 0.2288    0.1170   6.3107e-01       5.9182    2.757       J1848.2-0016
-0.0253    0.0823   3.1212e+00       4.1502    0.274       J1848.7-6307
 0.1274    0.2575   3.0774e-01       5.3023    2.218       J1849.4-0117
 0.0448    0.0757   1.1219e-01       4.9840    0.734       J1850.2-0201
 0.4685    0.2091   8.0212e-01       6.6628    3.719       J1850.8-1105
 0.1783    0.0767   4.2656e-01       8.5826    3.013       J1851.5+0718
 0.6355    0.2031   2.0710e+00      10.1884    4.933       J1852.2-1309
 0.1334    0.0743   2.6066e-01       8.6744    2.418       J1852.6+0203
 0.4413    0.2548   5.9251e-01       4.9001    2.809       J1853.2-0922
 0.1506    0.1450   2.7602e-01       5.7217    1.284       J1853.3-2447
 0.2133    0.1446   9.4643e-01       5.1601    1.708       J1853.6-0620
 0.7427    0.1518   6.4742e-01       4.6504    2.702       J1853.8-1107
 0.3984    0.2403   2.0662e+00       4.6157    2.929       J1854.3-3640
 0.2521    0.0932   9.3711e-01      10.7337    5.206       J1854.7+0153
-0.0041    0.0508   1.3214e+12       5.1314    0.062       J1855.2+0756
 0.2187    0.0736   2.6666e-01       9.2997    4.131       J1855.2+0456
 0.9991       nan   7.4410e-01       7.9748    5.309       J1855.3-0740
 0.8043    0.2619   1.0815e+00       6.7443    4.473       J1855.6-3603
 0.2416    0.1492   1.5667e+00       7.2972    3.546       J1855.8+0150
 0.0689    0.0646   8.8530e-01       8.7595    1.201       J1856.1-1222
 0.2342    0.1427   5.6188e-01       7.0744    2.063       J1856.5+1735
 0.6816    0.2391   3.7667e+00       9.1137    5.066       J1857.1+0056
 0.3852    0.1808   1.7998e+00       8.6997    4.664       J1857.4+0106
 0.2802    0.1391   8.5176e-01       7.0753    2.755       J1857.8-3220
 0.4443    0.0928   7.4002e-01      16.0634    8.904       J1858.0+0354
 0.5652    3.0841   6.0573e-01       4.2422    2.481       J1858.0-1052
 0.4537    0.1270   1.1472e+00      15.5899    5.569       J1858.3-5424
 0.6209    0.2563   9.9843e-01       6.8386    4.242       J1858.3-1318
 0.2123    0.1474   3.3785e-01       6.3270    1.881       J1858.5-4446
 0.6259    0.3130   8.7538e-01       6.0382    3.468       J1858.9+3636
 0.3290    0.1840   8.9335e-01       6.8215    2.769       J1859.2-0706
 0.1682    0.0855   5.8538e-01       8.5699    2.589       J1859.3+0058
-0.0734    0.0460   3.2468e+01       4.2543    1.192       J1859.8+1545
 0.3435    0.1639   9.6882e-01       7.5553    3.050       J1900.4-4941
 0.3280    0.0907   7.1191e-01      12.6662    6.521       J1900.4+0339
 0.4270    0.0934   5.5918e-01      10.4015    7.302       J1900.7+0426
 0.4125    0.1247   4.3450e-01       7.4814    5.570       J1900.9+0538
 0.2805    0.1065   1.1171e+00      10.8088    4.590       J1901.1+0730
 0.1928    0.1605   2.6911e+00       4.2969    1.594       J1901.5-2208
 0.1565    0.0998   2.7233e-01       7.6751    1.947       J1901.5-1112
 0.4791    0.1929   1.6014e+00       8.1636    3.675       J1901.8-0718
 0.3769    0.0970   6.9063e-01       9.9613    6.526       J1902.2+0448
 0.6831    0.3334   1.3054e+00       5.7250    3.693       J1902.4-3417
 0.2290    0.0881   1.0319e+00      11.4571    4.156       J1902.5+0654
 0.3020    0.2722   3.3698e-01       4.0756    1.356       J1902.7-3246
 0.6755    0.3043   7.9768e-01       5.0747    3.779       J1903.5-0825
 0.3354    0.1750   6.0555e-01       5.6241    2.745       J1904.0-5925
 0.0711    0.1003   1.2643e-02       5.2531    0.795       J1904.6-2713
 0.3817    0.0825   7.5247e-01      19.3815    7.005       J1904.7-0708
 0.2198    0.1283   5.3199e-01       5.5106    2.222       J1905.2-5120
 0.6404    0.3018   7.3462e-01       8.6861    3.243       J1905.8+4942
 0.9264    0.3572   1.7257e+00       7.9728    4.626       J1906.0-1718
 0.8752    0.1861   3.3283e+00       9.5148    5.038       J1906.1+1651
 0.6867    0.3236   1.3206e+00       5.2211    2.931       J1906.4-2001
 0.1899    0.1103   8.2271e-01       8.9866    1.943       J1906.4-1757
 0.2282    0.0417   8.2890e-01      19.6119    8.097       J1906.9+0712
 0.1097    0.2277   6.8393e-02       4.5146    0.719       J1907.7-4037
 0.3696    0.0893   5.0692e-01      10.9474    6.626       J1908.7+0812
 0.4395    0.0831   1.3882e+00      21.0456    7.699       J1908.8-0131
 0.3543    0.2119   1.2817e+00       6.2987    2.705       J1909.2+4646
 0.7321    0.3923   6.2839e-01       5.7924    2.259       J1910.1-4704
 0.0996    0.1243   7.8736e-01       9.0768    2.389       J1910.2+0904
 0.4475    0.2054   6.9576e-01      10.6599    3.668       J1910.7-5320
 0.6596    0.3277   1.6275e+00       6.5672    3.667       J1911.4-4856
 0.6000    0.3626   7.1972e-01       5.0173    3.018       J1912.2+3621
 0.4263    0.1404   3.3620e-01       8.0233    4.973       J1912.5+1320
 0.4396    0.1770   1.5738e+00       9.2088    3.987       J1912.7+4610
 0.4793    0.1032   7.7457e-01       9.9871    7.168       J1912.7+0957
 0.5700    0.2105   1.5914e+00      10.1310    4.939       J1913.4-1526
 0.3508    0.1773   5.9614e-01       5.1740    2.901       J1914.6-1157
 0.2984    0.4336   7.6737e-01       6.6193    3.452       J1914.7+1012
 0.4047    0.0955   5.2132e-01      10.0239    6.783       J1915.3+1149
 0.3123    0.0961   2.6291e+00      18.2624    5.068       J1916.8-3025
 0.3011    0.1671   6.6224e-01       6.6623    2.460       J1917.6-3204
 1.0000       nan   1.3093e+00       6.8102    4.199       J1919.1+2354
 0.5667    0.1528   3.3063e-01       6.0466    4.987       J1919.4+1313
 0.2038    0.0945   7.2243e-01      10.9030    3.060       J1920.0-2622
 0.9598    0.3147   1.3857e+00       5.7890    4.336       J1920.7+1334
 0.4843    0.2626   1.3524e+00       5.6790    2.794       J1921.1+1930
 0.3575    0.1472   5.0834e-01       5.4139    4.018       J1922.4+1453
 0.4004    0.2335   9.3628e-01       5.6412    2.622       J1922.5-5233
 0.3807    0.1269   5.6451e-01       7.6415    5.559       J1922.7+1428
 0.1518    0.0967   5.3187e-01       4.7824    2.180       J1924.3+1601
 0.4854    0.1562   2.3192e+00      12.3878    5.215       J1924.8-1035
 0.3162    0.1205   4.6598e-01       7.0750    4.133       J1925.3+1522
 0.0221    0.0350   5.1208e-03      12.0595    0.713       J1925.4+1616
 0.1571    0.0709   2.8960e-01       8.9027    3.077       J1926.4+1602
 0.3992    0.0985   7.2895e-01      12.0971    6.937       J1929.0+1729
 0.3525    0.0783   6.2250e-01      15.7964    7.269       J1931.1+1656
 0.2751    0.1713   2.8053e-01       5.7527    2.387       J1933.4-2711
 0.9989       nan   7.3261e-01       5.6604    3.128       J1934.2-1446
 0.2658    0.1770   3.1729e-01       4.3162    1.991       J1934.2+1036
 0.0922    0.1238   4.4629e-02       4.3326    0.870       J1935.0-0553
 0.6762    0.4658   1.8269e+00       5.4459    3.252       J1936.6+1921
-0.0112    0.0743   1.0159e+06       4.1874    0.145       J1937.1-0444
 0.4403    0.2661   5.1127e-01       4.2907    2.520       J1939.7-1242
 0.2626    0.1091   7.0753e-01      10.6750    3.382       J1940.2-2511
 0.3609    0.1894   9.8359e-01       5.6405    2.468       J1943.9+2841
 0.4558    0.2265   3.4794e+00       9.5779    3.619       J1944.8+4301
 0.2963    0.1467   1.1426e+00       6.7368    2.875       J1946.5-1527
 0.5787    0.2712   3.0951e+00       6.8010    3.802       J1947.0+0031
 0.4918    0.4070   3.1289e+00       4.5268    2.100       J1947.1+1729
 0.2197    0.0978   5.9159e-01       8.8729    2.906       J1947.6-1121
 0.1796    0.1758   3.9497e-01       4.5860    1.335       J1948.0-2845
 0.7645    0.2084   2.0603e+00       7.2387    4.408       J1948.9+3414
 0.3048    0.1127   8.1665e-01       9.2697    3.807       J1949.2-1453
 0.2857    0.1387   4.1286e-01       6.3494    3.186       J1950.6+2416
 0.6109    0.2476   8.8588e-01       7.1795    4.645       J1951.0+2523
 0.2124    0.2217   5.4254e-01       5.7393    1.404       J1951.3-8015
 0.3722    0.0969   6.5303e-01       7.8631    3.803       J1951.6+2621
 0.1012    0.0975   2.6716e-01      10.7896    1.456       J1953.5+3841
 0.8389    0.3628   1.6029e+00       5.0806    3.510       J1954.5+2420
 0.3640    0.1738   3.5820e-01       5.4401    3.433       J1954.8+2543
-0.0717    0.0459   3.8617e+01       5.9511    1.227       J1955.3-5032
 1.0000       nan   2.2364e+00       6.9135    3.977       J1956.6-7011
 0.1575    0.1560   1.1152e+00       4.5172    1.144       J1957.6+1230
 0.9993       nan   1.0581e+01       6.1677    3.240       J1959.3-6121
 0.3357    0.2036   7.6062e-01       4.3787    2.605       J1959.9+1833
 0.6140    1.1210   3.8487e-01       4.3737    1.387       J2001.5-0958
-0.0482    0.0399   9.2963e+01       5.8920    1.070       J2005.8+3357
 0.2163    0.2804   5.8718e+01       4.1131    1.094       J2006.0-6538
-0.0056    0.0791   4.8685e+07       4.5642    0.062       J2006.4-0354
 0.2572    0.1436   2.0303e+00       8.1188    2.526       J2007.2-3157
 0.3266    0.1907   1.4471e+00       8.6566    3.892       J2007.9+2511
 0.9992    0.0456   7.8607e+00       5.3194    1.738       J2008.4+1619
 0.6124    0.2488   2.5478e+00       7.2854    4.026       J2009.9-2116
-0.1222    0.0334   5.3501e+00       6.1349    2.267       J2012.1-5234
 0.3764    0.2833   1.2881e+01       4.1984    1.780       J2013.9-8717
 1.0000       nan   7.0039e+00       6.4564    3.708       J2017.3+3525
 0.1148    0.1204   9.9852e-01       4.0994    1.133       J2019.6+0616
 0.9998    0.0644   4.8193e+01       4.2923    2.813       J2021.9+3609
 0.1791    0.1260   1.7158e-01       7.0677    1.763       J2023.3-1947
 0.6895    0.2693   2.1971e+00       4.6501    2.921       J2026.0+4718
 0.5713    0.2298   3.3242e+00       9.3406    4.127       J2026.3+1431
 0.6987    0.1519   9.2645e-01      16.1889    7.868       J2027.0+2811
 0.6469    0.5006   1.0153e+00       4.5958    1.463       J2029.4+1013
 1.0000       nan   9.1905e-01       9.8799    5.702       J2029.5-4237
 0.0450    0.0847   3.7240e+02       6.4346    0.566       J2030.3-5038
 0.9646    0.3010   1.0154e+01       5.3467    2.464       J2030.5+2235
 0.7886    0.1311   2.6886e+00      23.2980   10.871       J2035.0+3632
-0.0332    0.0730   8.9506e+04       4.9752    0.411       J2035.3+0557
 0.3461    0.2734   1.3200e+00       5.5892    2.224       J2036.2-0207
 0.1688    0.1845   1.8555e-01       4.3935    1.325       J2036.3+5642
 0.1534    0.0994   1.4587e-01      10.3725    2.038       J2037.0-2826
 0.3819    0.0830   3.9474e-01      16.3195    7.468       J2038.4+4212
 0.4005    0.1485   1.0247e+00      12.5249    4.180       J2039.4-3616
 0.2562    0.0408   1.2832e+00      41.8061    8.962       J2039.5-5617
 0.1214    0.1573   3.1635e-02       4.4543    0.966       J2040.1-3137
 0.1013    0.1108   9.6642e-02       4.4024    1.063       J2040.4+0312
 0.0609    0.0771   4.4289e-01       7.5352    0.877       J2041.1-6138
 0.3085    0.0535   9.4940e-01      27.9197    8.101       J2041.1+4736
-0.0226    0.0762   5.3269e+01       4.3178    0.260       J2042.1-5320
 0.0634    0.0792   7.1148e-01       6.1510    0.893       J2042.7+1519
 0.3584    0.2130   1.1633e+00       4.6658    2.751       J2043.9+2051
 0.7190    0.1757   1.8871e+00      16.2465    6.787       J2043.9-4802
 0.0108    0.0737   1.6044e-02       4.5670    0.147       J2045.6+2455
 0.7383    0.2546   2.1595e+00      11.3356    5.059       J2045.9-6835
 0.2767    0.1444   7.4391e-01       9.8210    2.665       J2046.1-1626
 0.1137    0.1275   5.4797e+00       5.6650    1.078       J2046.9-5409
 0.9344    0.2579   2.8976e-01       5.4449    3.991       J2047.5+4356
 0.0373    0.1424   1.7648e-03       4.4642    0.225       J2048.4-2517
 0.0904    0.1353   1.8054e-01       5.8435    0.906       J2050.0+4114
 0.3462    0.2440   1.3713e+00       4.3628    2.409       J2050.4-3015
 0.0325    0.0780   6.9857e-02       4.4584    0.426       J2052.1+5539
 0.5131    0.2130   6.0182e-01       8.7481    4.666       J2052.3+4437
 0.1303    0.1011   1.0982e-01       5.4779    1.553       J2052.8+5739
 0.1104    0.0873   1.3557e-01       7.2957    1.466       J2054.1-4054
 0.3464    0.1087   9.5116e-01      11.9881    4.472       J2054.2+6904
 0.1637    0.0956   3.7164e-01       9.2199    2.187       J2056.4-5922
 0.6348    0.3159   2.0032e+00       5.8858    3.437       J2058.0+3338
 0.0917    0.1907   2.9505e+03       4.7826    0.593       J2058.5-1833
 0.4519    0.2412   5.1000e-01       5.5924    1.827       J2100.0+1445
 0.0578    0.0820   8.2079e-02       6.9915    0.744       J2100.0-4356
 0.1995    0.1864   3.3590e-01       4.2913    1.663       J2101.8+5044
 0.7370    0.2984   1.3682e+00       6.5809    3.830       J2104.0+4623
-0.0488    0.0337   1.9231e+01       8.6712    1.248       J2104.4+2116
 0.0905    0.0868   9.7136e-01       8.0779    1.271       J2105.9+7508
 0.1245    0.1344   2.2130e-01       4.1301    1.079       J2107.7+3529
 0.2231    0.0650   2.8449e-01      13.7746    3.865       J2108.0+5155
 0.3470    0.1304   3.1769e+01       9.5904    3.262       J2109.6+3954
 0.4224    0.0451   2.1442e+00      50.3083   14.871       J2112.5-3043
 0.1768    0.0871   5.1287e-01      10.4693    2.553       J2114.3+5023
-0.0335    0.0472   1.0780e+02       7.1942    0.618       J2114.9-3326
 0.9986       nan   9.6803e-01      11.5658    6.523       J2116.2+3701
 0.2801    0.1362   9.3231e-01      10.2526    3.003       J2117.0+1344
 0.1104    0.0933   2.9578e+00       8.9042    1.514       J2117.1-5307
 0.1188    0.0897   3.3765e-01      10.7940    1.706       J2117.9+3729
 0.2370    0.2172   3.1346e+01       4.0873    1.449       J2118.3+4055
 0.1455    0.1063   1.3913e-01       5.0974    1.815       J2120.0+5257
 0.9998       nan   4.9647e+00       5.3115    3.828       J2121.8-3412
 0.1129    0.1303   1.2079e+01       5.2113    0.987       J2125.6+0458
 0.1110    0.0584   3.4635e-01      14.5111    2.881       2129.9+5833e
 0.9985       nan   8.8519e-01       5.1756    3.681       J2130.8+2649
 0.5041    0.3230   7.1992e-01       4.6202    2.389       J2131.4-1124
 0.5900    0.1290   1.2646e+00      20.9141    7.038       J2133.1-6432
 0.1263    0.1368   1.0324e-01       5.2419    1.065       J2141.4+0733
-0.0626    0.0530   6.0008e+00       6.7286    0.983       J2142.5-2029
 0.1029    0.0891   1.3346e-01       6.6792    1.455       J2143.4+6608
 0.9995       nan   3.8501e+00       5.6625    3.549       J2144.2+7709
 0.4349    0.3754   4.1049e+00       6.0223    1.831       J2151.2-4034
 0.0362    0.0760   3.2292e-04       8.6700    0.508       J2152.0+4718
 0.0575    0.0795   1.9024e+02      10.7288    0.805       J2159.6-4620
 0.6162    0.2349   2.0623e+00      12.1375    3.733       J2201.0-6928
 0.0752    0.1329   1.6012e-03       4.2887    0.677       J2205.8-8254
 0.0056    0.0917   1.2578e+06       4.7786    0.063       J2207.1+2222
 0.1792    0.0392   5.7895e-01      21.8474    6.611       2208.4+6443e
 0.2869    0.1551   9.7764e-02       6.7656    2.576       J2209.2+3710
 0.0993    0.1625   2.1614e-01       4.5404    0.751       J2210.2+1624
 0.5175    0.1296   1.2427e+00      14.0851    6.491       J2212.4+0708
 0.4800    0.1849   1.5520e+00       9.3641    3.755       J2218.8+4736
 0.6770    0.2251   2.5378e+00      12.9877    4.555       J2219.7-6837
 0.3251    0.0864   4.2591e-01      12.8926    5.164       J2220.8+6319
 0.6097    0.4146   9.0674e+00       4.3354    1.866       J2222.9+1507
 0.0759    0.1037   6.4558e+00       6.0214    0.806       J2225.8-0804
 0.8673    0.2943   5.1022e-01       6.2390    3.036       J2227.1+6455
 0.2343    0.1219   2.8340e-01       6.4436    2.922       J2233.3+6530
 0.0742    0.0758   2.4156e+00      10.1648    1.115       J2234.2-4156
 0.6128    0.5459   9.1064e+00       4.3295    1.862       J2236.9+1839
 0.0752    0.1173   6.7305e+00       7.5460    0.666       J2237.2-6726
 0.4355    0.3007   1.0937e-01       5.2397    1.943       J2237.6-5126
-0.0402    0.0290   1.3158e+01      10.3158    1.110       J2240.3-5241
 0.9946       nan   8.9047e-01       5.1727    4.035       J2241.2+4303
 0.5491    0.2122   1.8004e+00       9.8981    3.910       J2241.4-8327
-0.0401    0.0692   1.4966e+03       5.6893    0.532       J2247.7-5857
 0.2837    0.7047   1.5787e-01       5.8911    2.778       J2249.4+6222
 0.0604    0.1256   4.1272e-01       5.4748    0.555       J2249.9+0452
 0.7733    0.2299   1.0329e+00      13.5000    6.420       J2250.5+3305
 0.5693    0.3534   1.2113e+01       4.4326    1.939       J2250.6+5809
 0.0817    0.1460   5.2716e-02       5.6368    0.650       J2255.4-3252
 0.1776    0.1508   1.7617e+01       5.4213    1.629       J2303.9+5554
 0.1169    0.0437   4.7771e+01      10.4479    3.542       2304.0+5406e
 0.3672    0.3649   2.7037e+00       4.5918    1.315       J2311.6-4427
 0.3359    0.1904   2.8678e-01       5.4389    2.606       J2312.4+8253
-0.0770    0.0722   2.9005e+01       4.6319    0.785       J2316.7-3144
-0.0772    0.0601   2.5108e+01       5.3103    1.024       J2316.8-2518
-0.0299    0.0409   3.1723e+00       9.6641    0.650       J2317.7+2839
 0.3047    0.1561   6.1673e-01       6.8058    3.210       J2317.8+6140
 0.1857    0.4919   2.0633e+01       5.0246    0.900       J2320.2+0707
 0.2289    0.1903   4.4638e+00       5.8057    1.360       J2321.9-4842
 0.0142    0.0980   2.3549e-06       4.2952    0.146       J2323.1+2040
 0.6059    0.4395   2.8064e+00       5.1549    2.194       J2323.9+2519
 0.1825    0.1490   2.9103e-02       5.8517    1.529       J2324.6+3115
 0.2053    0.1851   8.5812e-02       4.0953    1.381       J2326.5+8555
-0.0501    0.0651   1.2778e+03       5.0058    0.621       J2326.9-4130
 0.0221    0.1082   6.6380e-09       4.3689    0.175       J2330.5-2445
 0.0542    0.1315   8.8902e+00       4.3784    0.428       J2331.6+4430
 0.3280    0.1013   1.2945e+00      19.3826    4.466       J2333.1-5527
 0.5468    0.3672   2.0184e+00       4.4527    1.909       J2336.2-0715
 0.0024    0.0954   5.9075e+00       5.5888    0.000       J2336.9-8427
 0.5755    0.4391   2.7143e+00       4.1659    1.841       J2337.7-2903
-0.0130    0.0626   1.6508e+02       6.3641    0.191       J2339.4+3008
 0.2747    0.1225   8.6166e-01       9.5446    2.948       J2342.4-4739
 0.9777       nan   5.2026e+00       8.4737    3.128       J2343.0-4756
 0.0163    0.0369   9.9180e-08      20.8201    0.457       J2347.9-5106
 0.1718    0.2002   6.0244e-01       4.5013    1.049       J2351.4-2818
-0.0445    0.0447   1.1232e+03       8.5764    0.884       J2353.2+3135
 0.0604    0.0957   2.7260e-03       4.8604    0.785       J2353.5+6646
 0.4291    0.1928   1.0719e+00       9.3059    3.069       J2355.2-5247
 0.1704    0.0801   2.4830e-01      14.5845    2.725       J2355.5-6614
 0.0633    0.0943   2.3573e-02       5.1143    0.761       J2357.8+6839
 0.6137    0.3765   7.5451e-01       5.3262    2.592       J2359.3+1444
