#4FGL LogParabola frsqs (fsrq+FSRQ)
Beta      Beta_err E_peak[GeV]     det_sig   curv_sig     source_name
 0.1480    0.0315   4.9994e-02      30.6660    5.553       J0001.5+2113
 0.0776    0.0532   8.5172e-02      19.2054    1.669       J0004.4-4737
 0.1549    0.0672   7.0951e-02      14.6598    2.831       J0005.9+3824
 0.2112    0.1850   9.2266e-01       4.5518    1.511       J0010.6+2043
 0.1036    0.0707   1.3864e-01      13.2261    1.750       J0010.6-3025
 0.0554    0.0649   1.0916e-01      13.4173    0.937       J0011.4+0057
-0.0890    0.0519   1.3244e+01       5.0502    1.064       J0013.6-0424
 0.1865    0.0569   7.5749e-02      20.6405    4.122       J0016.2-0016
 0.4482    0.2650   4.1950e-01       5.7312    2.608       J0016.5+1702
 0.1107    0.0398   6.6152e-02      23.1480    3.341       J0017.5-0514
 0.0798    0.0344   2.8025e-02      21.9335    2.657       J0019.6+7327
 0.0991    0.0596   1.2389e-01      13.3864    1.970       J0023.7+4457
 0.1026    0.1195   2.4175e-01       6.0540    0.987       J0024.7+0349
-0.0184    0.0792   7.2096e+04       4.5510    0.197       J0025.2-2231
 0.0541    0.0529   1.8274e-02      13.5476    1.145       J0028.4+2001
 0.0631    0.0248   1.1421e-02      35.2962    2.854       J0030.3-4224
 0.0401    0.1129   3.1548e-02       5.0902    0.355       J0037.6+3653
 0.2149    0.1021   4.9209e-01      10.4859    2.722       J0038.2-2459
 0.1168    0.0902   3.0940e-02      10.3547    1.542       J0039.0-0946
-0.0716    0.0464   4.7287e+00       6.7733    1.184       J0041.4+3800
 0.1551    0.0919   7.3842e-01      12.9972    2.215       J0042.2+2319
 0.0496    0.0155   5.3687e+00      51.2272    3.558       J0043.8+3425
-0.0231    0.0626   7.7833e+05       7.0204    0.319       J0044.2-8424
 0.0134    0.0394   2.7095e-09      10.8267    0.371       J0047.9+2233
-0.0269    0.0356   6.0685e+04      15.2054    0.671       J0050.0-5736
 0.0486    0.0304   1.8896e-02      27.0814    1.763       J0050.4-0452
 0.1621    0.0484   4.1806e-01      22.7709    4.159       J0051.1-0648
 0.2722    0.1358   1.0461e-01       6.7318    2.696       J0051.5-4220
 0.0028    0.0405   1.0441e-36      12.8551    0.086       J0058.0-0539
 0.0339    0.0841   1.0013e-02       7.9793    0.399       J0058.4+3315
 0.0133    0.1021   3.0493e-06       5.8568    0.116       J0059.2+0006
-0.0488    0.0722   4.0074e+03       5.3214    0.532       J0101.8-7543
 0.1275    0.0613   3.8087e-02      15.9599    2.454       J0102.4+4214
 0.0717    0.0140   2.0670e-01      58.6357    5.697       J0102.8+5824
 0.1126    0.0606   4.3105e-02      16.3430    2.161       J0104.8-2416
 0.0853    0.1076   2.0069e-02       7.2449    0.919       J0108.1-0039
 0.0975    0.0082   1.2162e-01     143.1100   13.961       J0108.6+0134
 0.1621    0.0296   1.3772e-01      34.7413    6.993       J0109.7+6133
 0.0892    0.0692   1.0993e-02       9.9301    1.446       J0112.0-6634
 0.1547    0.1058   2.9393e-01       7.5575    1.840       J0112.1-0321
 0.0499    0.0152   2.3085e-02      58.1807    3.563       J0112.8+3208
 0.1129    0.0803   2.0761e-01      11.1414    1.642       J0113.1-3553
 0.0680    0.0323   3.5222e-01      24.4709    2.366       J0113.4+4948
 0.1250    0.1357   3.2868e-02       9.0966    1.336       J0115.1-0129
 0.0422    0.0277   9.0304e-03      28.4282    1.686       J0116.0-1136
 0.1847    0.1784   1.4821e-01       5.4039    1.247       J0116.5-3046
 0.1106    0.0523   2.8220e-01      18.9261    2.700       J0117.8-2109
 0.1058    0.0187   3.2351e-01      53.6369    7.054       J0118.9-2141
 0.0650    0.0931   1.4467e-04       8.0842    0.740       J0125.7-0015
 0.1190    0.0650   7.1367e-02      15.1675    2.228       J0126.0-2221
 0.2460    0.1761   3.2277e+00       4.8808    1.929       J0128.5+4440
 0.0999    0.0958   1.1774e-02       8.9116    1.213       J0129.8+1440
 0.0620    0.0187   3.1674e-02      50.2573    3.678       J0132.7-1654
 0.1583    0.1207   3.7986e-01       7.7761    1.590       J0134.3-3842
 0.0350    0.0375   1.0397e+01      21.9963    0.961       J0134.5+2637
 0.0981    0.0139   2.5466e-01      74.6355    8.296       J0137.0+4751
 0.1130    0.0268   6.7034e-02      41.4568    4.890       J0137.6-2430
 0.0935    0.0345   2.5512e-02      30.7855    3.059       J0145.0-2732
 0.1068    0.0560   2.1763e-02      13.6952    2.149       J0152.2+2206
 0.2451    0.0881   4.9243e-01      20.1419    4.234       J0157.7-4614
-0.0708    0.0373   5.5731e+01       8.5367    1.536       J0158.8+0101
 0.2229    0.1458   9.8260e+00       6.7904    2.018       J0202.4+0849
 0.1051    0.0361   1.8203e-02      28.3681    3.278       J0205.0-1700
 0.0952    0.0384   1.8296e-02      22.6093    2.806       J0205.2+3212
 0.0641    0.1216   5.4241e+01       5.8608    0.560       J0206.0-0958
 0.0412    0.0287   5.6328e-03      27.1510    1.549       J0206.4-1151
 0.0893    0.0121   1.1238e-01      91.9811    8.472       J0210.7-5101
 0.1224    0.0737   3.4683e-01      11.7241    1.998       J0217.0-0821
 0.1098    0.0592   5.2299e-03      12.4942    2.104       J0217.4+7352
 0.0621    0.0148   2.1219e-01      60.8594    4.680       J0217.8+0144
 0.4483    0.3057   3.1345e-01       4.6145    2.422       J0220.2+3246
 0.0503    0.0087   6.0839e-02     110.0685    6.705       J0221.1+3556
-0.0025    0.0384   2.5797e+46      13.7869    0.000       J0222.0-1616
 0.2283    0.2579   3.6940e-01       5.8712    1.220       J0223.0-3447
 0.1178    0.0982   8.9524e-02       7.0436    1.461       J0224.2+0700
 0.4432    0.1821   1.4201e-01       8.1788    3.403       J0224.9+1843
 0.1585    0.1044   2.1920e+00       9.4620    2.056       J0226.5+0938
 0.0084    0.0781   1.8677e-22       6.4943    0.111       J0227.2+3928
-0.0088    0.0716   6.8659e+06       7.0877    0.129       J0228.0-3026
 0.1203    0.0261   3.4520e-01      50.2735    7.397       J0228.3-5547
 0.1856    0.0857   3.0722e-01       8.2256    2.803       J0228.7+6718
 0.1185    0.0333   5.0916e-02      32.3859    4.209       J0229.5-3644
 0.1369    0.0465   2.2688e-01      27.0763    3.654       J0230.8+4032
-0.0433    0.0507   3.7473e+03      15.0218    0.731       J0231.2-4745
 0.0800    0.0526   5.6919e-03      13.8549    1.714       J0231.8+1322
 0.0739    0.0263   1.1625e-01      36.6037    3.192       J0236.8-6136
 0.0898    0.0091   9.7373e-02     113.9479   11.244       J0237.8+2848
 0.0528    0.0438   2.7108e-04      17.3283    1.309       J0239.7+0415
 0.3057    0.0979   3.1782e-01      13.8010    4.346       J0242.3+1102
-0.0006    0.0629  1.5938e+283       7.9733    0.000       J0243.2-0550
 0.0461    0.0494   6.5563e-04      12.3817    1.047       J0245.4+2408
 0.0965    0.0150   8.6377e-02      78.1273    7.490       J0245.9-4650
 0.1051    0.1215   1.0570e+00       9.8726    1.054       J0251.5-5958
 0.0879    0.0117   1.1201e-01      94.3942    8.611       J0252.8-2219
 0.1682    0.1276   1.6410e-01       7.2961    1.561       J0252.9+3834
 0.0632    0.0671   2.4322e-02      12.9884    1.023       J0253.2-5441
 0.0786    0.0569   6.5904e-01      10.9138    1.590       J0253.5+3216
 0.0811    0.0409   6.3451e-02      17.8896    2.304       J0253.9+5103
 0.0033    0.0649   5.8904e-45       8.0850    0.059       J0257.9-1215
 0.0584    0.0226   3.3642e-01      33.4329    2.883       J0259.4+0746
 0.0346    0.1141   6.6245e-02       4.5576    0.333       J0259.5+1924
 0.0574    0.0601   2.7924e-03      12.6051    1.029       J0301.6-7155
 0.0486    0.0682   2.4398e-02       9.3486    0.786       J0303.3-7913
 0.0551    0.0348   2.1479e-02      27.5284    1.769       J0303.6-6211
 0.0877    0.0298   1.4469e-01      29.7971    3.469       J0309.0+1029
 0.1101    0.0187   1.0994e-01      61.8728    7.016       J0309.9-6058
 0.1274    0.0730   3.3056e-01      11.2355    2.065       J0310.9+3815
 0.0174    0.0409   8.6926e-06      15.0765    0.419       J0312.8+0134
-0.0107    0.0663   2.6920e+07       7.6843    0.148       J0314.6-6549
 0.0741    0.0449   4.8276e-02      16.3538    1.855       J0315.9-1033
 0.1734    0.1948   1.0532e+00       4.8718    1.013       J0317.7-2804
-0.0955    0.0510   1.6718e+01       5.2131    1.401       J0325.0-2416
 0.1286    0.0320   4.4462e-02      28.8178    4.738       J0325.7+2225
 0.4869    0.3360   1.4323e+00       4.6396    2.058       J0332.1-1123
 0.4960    0.1240   2.1835e-01      13.3153    6.524       J0336.4+3224
 0.0093    0.0695   7.0743e-19       8.7007    0.124       J0336.8-3612
-0.0761    0.0832   9.0239e+01       4.5492    0.860       J0337.8-1157
 0.0742    0.0115   8.3482e-02      81.0558    7.359       J0339.5-0146
 0.0756    0.0742   4.7561e-01       9.3595    1.133       J0342.2+3858
 0.1617    0.0656   1.9168e-01      17.7225    3.097       J0343.2-2529
 0.1738    0.1099   8.0547e-01       8.7251    2.019       J0343.4+3621
 0.1799    0.1326   2.7849e-01       6.2875    1.674       J0347.0+4844
 0.0384    0.0337   2.9134e-03      20.6581    1.211       J0348.5-2749
 0.1636    0.0340   1.5548e-01      34.2051    5.953       J0349.8-2103
 0.1783    0.0932   1.9671e-01       8.8520    2.467       J0358.9+6004
 0.1421    0.0323   8.6400e-02      25.7554    5.395       J0359.6+5057
 0.0560    0.0471   2.4054e-02      14.0082    1.285       J0401.7+2112
-0.0217    0.0493   7.5759e+04      10.3783    0.414       J0402.1-3147
 0.2169    0.1213   2.1889e-01       6.0375    2.265       J0403.3+2601
 0.1363    0.0101   8.6307e-02     138.6721   15.944       J0403.9-3605
-0.0223    0.0276   1.6495e+05      19.5620    0.780       J0405.6-1308
 0.1086    0.0229   2.0323e-01      41.5664    5.488       J0407.0-3826
 0.0743    0.0501   1.1821e-01      11.6463    1.701       J0413.1-5332
 0.0592    0.0984   8.4945e-03       6.6490    0.651       J0416.2-4353
 0.0425    0.0317   1.0321e-02      24.9465    1.449       J0416.5-1852
 0.0771    0.0326   4.6332e-02      28.5824    2.761       J0422.1-0644
 0.7074    0.3227   2.8438e-01       6.6385    3.896       J0422.8+0225
 0.0758    0.0153   1.1686e-01      65.3828    5.718       J0423.3-0120
 0.0177    0.0956   1.2050e-04       5.1460    0.192       J0429.3-4326
 0.1026    0.0302   1.0355e-01      33.8028    3.989       J0433.6-6030
 0.0087    0.0541   1.9414e-12       8.7620    0.167       J0438.4-1254
 0.9995    0.0414   6.4450e-01       4.1413    2.864       J0440.3-4333
 0.0638    0.0133   2.4962e-02      74.0118    5.296       J0442.6-0017
 0.0498    0.0733   2.9794e+00      10.3708    0.748       J0445.1-6012
 0.1288    0.0229   1.0467e-01      40.5558    6.536       J0449.1+1121
 0.1364    0.0587   3.6902e-01      13.1497    2.901       J0449.2+6329
-0.1157    0.0415   1.1421e+01       4.6990    1.776       J0449.6-8100
 0.1350    0.0722   3.1907e-01      15.1758    2.250       J0451.8-4651
 0.1040    0.0239   2.4244e-02      46.8472    4.972       J0453.1-2806
 0.0688    0.0290   1.8191e-02      31.6806    2.672       J0455.7-4617
 0.1062    0.0664   9.6227e-02      15.6683    1.800       J0456.6-3136
 0.0886    0.0870   6.3582e-02      10.1804    1.165       J0457.0+0646
 0.0755    0.0050   2.4913e-01     219.5741   17.221       J0457.0-2324
 0.0848    0.0144   7.7668e-02      71.5527    6.689       J0501.2-0158
 0.1632    0.1900   1.7525e-01       9.0980    1.054       J0502.4+0609
 0.3067    0.2417   2.0956e-01       4.5871    1.874       J0503.1-6045
 0.0982    0.0134   1.8193e-01      77.7486    9.059       J0505.3+0459
-0.0147    0.0371   1.5383e+06      11.7135    0.373       J0505.8-0419
 0.0943    0.0471   1.2993e-01      22.3638    2.352       J0507.7-6104
 0.3731    0.2020   1.0746e+00       7.3669    2.586       J0508.2-1937
 0.1027    0.0553   1.5189e-01      13.5235    2.194       J0509.4+1012
 0.0882    0.0181   7.1594e-01      54.1762    5.475       J0510.0+1800
 0.0227    0.0375   1.5184e-05      19.2983    0.665       J0515.6-4556
 0.9332    0.5954   4.8696e+00       5.4430    2.791       J0517.5+0858
 0.2747    0.1200   7.2740e-01      10.6691    3.242       J0521.3-1734
 0.1721    0.1635   9.8983e-01       8.6411    1.242       J0525.4-4600
 0.0710    0.0230   1.4447e-01      43.7109    3.584       J0526.2-4830
 0.1202    0.1016   4.2726e-02       6.5696    1.324       J0529.4-0521
 0.2437    0.0506   2.6319e-01      26.9169    7.074       J0530.9+1332
 0.0878    0.0138   1.4499e-01      70.1132    7.340       J0532.6+0732
 0.0065    0.0680   7.4304e-05       8.5583    0.142       J0532.9-8325
 0.1181    0.0205   1.6573e-01      46.3522    6.694       J0533.3+4823
 0.0102    0.1387   2.8860e-07       8.4107    0.046       J0533.8-3749
 0.0809    0.0244   1.3282e-02      20.7642    3.668       J0536.4-3401
 0.1390    0.0740   1.6167e-01      14.3268    2.394       J0539.6+1432
 0.0947    0.0311   1.0871e-02      30.7296    3.512       J0539.9-2839
 0.0425    0.0477   4.5379e-04      12.9030    0.959       J0540.8-5415
 0.5546    0.1810   3.0380e-01       9.9592    5.285       J0541.6-0541
-0.0179    0.0615   2.8393e+03       5.4245    0.262       J0550.3-5733
 0.2029    0.0577   7.9383e-02      17.2522    4.467       J0555.6+3947
 0.1633    0.0784   3.6189e-02       9.6211    2.413       J0600.6-3939
 0.1123    0.0222   1.6887e-01      47.2761    5.947       J0601.1-7035
 0.0867    0.0896   1.5628e-02       6.9400    1.131       J0601.4+2320
 0.1120    0.1013   4.0674e-02       8.2905    1.326       J0601.8-2003
 0.1220    0.0606   1.7864e-01      14.0932    2.429       J0608.0+6721
 0.0747    0.0285   5.5907e-02      26.4694    3.008       J0608.0-0835
 0.1498    0.0899   7.1474e-02       8.5478    2.116       J0608.1-6028
 0.1280    0.0465   8.4560e-02      19.7962    3.196       J0608.1-1521
 0.2139    0.1526   7.8824e-01       6.8773    1.822       J0609.0-2219
 0.0788    0.0869   5.0097e-02       7.6781    1.006       J0610.9-6054
 0.0668    0.0690   2.4396e-02      10.7466    1.081       J0612.5-3138
 0.2243    0.1504   8.9335e-01       6.7484    1.734       J0618.1-2428
-0.0979    0.0574   9.1522e+01       5.2113    1.249       J0622.4-6433
 0.0784    0.0935   4.7590e-03       7.6045    0.975       J0625.8-5441
 0.3484    0.1331   4.6025e-01      11.7839    3.949       J0633.4-2222
 0.0552    0.0566   4.0763e-03      11.1755    1.066       J0634.9-2335
 0.0024    0.0270   3.7740e-61      24.2046    0.087       J0635.6-7518
 0.0050    0.0563   1.2458e-41      10.4754    0.091       J0638.6+7320
 0.1869    0.0427   1.2095e-01      21.1893    5.430       J0641.7-0320
 0.1747    0.0343   1.7964e-01      25.7969    6.359       J0643.3+0857
 0.1345    0.1197   1.6540e-02       6.9293    1.317       J0646.7-3913
 0.1308    0.0378   1.3241e-01      25.0434    4.032       J0648.0-3045
 0.1356    0.0457   1.0975e-01      19.1786    3.527       J0648.4-1743
 0.1008    0.0264   5.4534e-01      36.0570    4.463       J0654.3+5042
 0.0665    0.0235   2.1147e-01      38.6958    3.238       J0654.4+4514
 0.1919    0.0371   1.7883e-01      25.8603    6.701       J0656.3-0322
 0.3603    0.1556   5.0298e-01       7.7316    3.716       J0659.6-2742
 0.0382    0.0748   9.4786e-04       9.0257    0.493       J0659.9+1709
 0.1375    0.0324   1.8288e-01      30.4616    4.592       J0701.5-4634
 0.0559    0.0207   1.0310e-01      36.4281    2.970       J0709.7-0255
 0.1501    0.0677   1.6359e-01      15.0758    2.965       J0710.8-3851
 0.1005    0.0270   1.4970e-01      34.8140    4.208       J0713.8+1935
 0.1833    0.0628   3.1611e-01      18.3845    3.840       J0718.0+4536
 0.1015    0.0142   4.6892e-01      74.1326    8.476       J0719.3+3307
 0.4245    0.2746   8.0571e-02       5.7621    2.496       J0720.0-6237
 0.1258    0.0381   8.0319e-02      22.3578    3.765       J0721.3+0405
 0.1898    0.1458   2.4054e-01       6.8181    1.663       J0723.5+2900
 0.0714    0.0123   1.6198e-01      76.3325    6.554       J0725.2+1425
 0.1728    0.0501   2.9513e-01      23.0661    4.432       J0726.4-4727
 0.1030    0.1427   4.2741e-02       5.4884    0.858       J0729.1+5703
 0.0901    0.0081   2.0508e-01     123.3073   12.923       J0730.3-1141
 0.1430    0.0751   3.3533e-01      12.1040    2.282       J0733.8+0455
 0.1013    0.0705   1.0393e-01      12.6052    1.745       J0734.0+5021
 0.1169    0.0397   3.6621e-01      24.1824    3.492       J0734.4-7711
 0.0920    0.0129   8.5426e-02      80.3413    8.328       J0739.2+0137
 0.0468    0.0738   1.1826e-03       7.5669    0.718       J0741.4-4709
 0.2633    0.2098   1.5651e+00       5.5846    1.738       J0742.1+4902
 0.0954    0.0164   2.3256e-01      65.9608    6.814       J0742.6+5443
 0.1982    0.1322   1.1079e-01       6.2184    1.984       J0743.0-5622
 0.1023    0.1361   4.3806e-02       4.0827    0.800       J0746.0-0039
 0.1783    0.1063   5.0108e-02      12.1837    2.388       J0746.4+2546
 0.0743    0.0437   2.4875e-01      18.4474    1.915       J0748.6+2400
 0.0713    0.0795   2.9113e-02       5.4125    1.057       J0749.9+1823
 0.0498    0.0355   5.4028e-03      19.8558    1.546       J0750.8+1229
 0.1911    0.1127   1.1803e-01       7.3245    2.078       J0752.2+3313
 0.0679    0.0720   4.1877e-01       8.3313    1.053       J0758.1+1134
 0.0236    0.0261   1.8641e+00      24.6320    0.946       J0803.2-0337
 0.1371    0.0489   1.6598e-01      19.8412    3.325       J0805.2-0110
 0.1775    0.0559   6.5465e-02      19.2894    3.781       J0805.4+6147
 0.0785    0.1068   2.8119e-02       7.4801    0.828       J0806.5+4503
 0.0905    0.0107   4.1481e-01      94.7662    9.884       J0808.2-0751
 0.1442    0.0796   3.2855e-02      11.3316    1.937       J0808.5+4950
 0.0795    0.1011   1.1475e-02       7.4869    0.894       J0809.3+4053
 0.1198    0.0464   3.1509e-01      22.4468    3.034       J0809.5+5341
 0.0558    0.1087   2.6604e-01       4.3556    0.570       J0815.6+3641
 0.1100    0.1425   1.0750e+00       4.2784    1.030       J0818.8+3229
-0.0316    0.0464   1.1356e+03      10.8399    0.598       J0823.1+4042
-0.0577    0.0436   1.7151e+02      10.0285    1.093       J0824.4+2440
 0.0422    0.0334   5.3212e-04      21.8358    1.339       J0824.7+5552
 0.0444    0.0390   7.4057e-03      21.8665    1.270       J0824.9+3915
-0.0358    0.0649   2.4875e+02       4.6439    0.501       J0827.8+5221
 0.2613    0.2054   2.8523e+00       6.7761    1.921       J0829.4+0857
 0.1151    0.0263   7.9765e-02      44.6426    5.351       J0830.8+2410
 0.0297    0.0416   6.8883e-04      17.0912    0.747       J0833.9+4223
 1.0000       nan   7.3939e-01       5.3503    4.044       J0835.2-2243
 0.4584    0.1713   1.8640e-01      10.3785    4.296       J0836.5-2026
 0.1721    0.0669   3.2967e-01      16.6829    3.279       J0839.8+0105
 0.2243    0.0166   6.6620e-02      73.2061   16.667       J0841.3+7053
-0.0255    0.0390   1.1643e+03       9.8323    0.579       J0845.7-5556
 0.0738    0.1014   1.3334e-03       6.0460    0.765       J0848.0-0524
 0.0840    0.0210   1.9224e-01      48.1975    4.654       J0850.1-1212
 0.1424    0.1303   2.5556e-01       7.0178    1.383       J0852.2+2834
 0.0307    0.1119   1.3551e-04       9.8648    0.243       J0855.9+7144
 0.0281    0.0370   2.3650e-04      16.2922    0.816       J0857.9-1949
-0.0183    0.0322   6.3197e+04      17.0857    0.539       J0903.1+4652
 0.0881    0.1114   3.4807e-01       8.0173    0.935       J0904.6+4238
 0.0935    0.0185   6.0165e-02      44.9193    5.866       J0909.1+0121
 0.1275    0.0293   3.6218e-01      42.2538    5.523       J0909.7-0230
 0.2307    0.0972   6.9625e-01      12.7984    3.242       J0910.6+2247
 0.0200    0.0361   1.7812e-05      21.4416    0.591       J0912.2+4127
-0.0978    0.0487   1.8339e+01       4.4189    1.518       J0914.4+0249
 0.0983    0.0655   1.7547e-01      17.4892    1.764       J0916.7+3856
-0.0805    0.0583   6.2006e+01       4.1131    1.056       J0917.1-2131
 0.1323    0.0245   3.1622e-01      51.6094    8.287       J0920.9+4441
 0.1035    0.0259   7.7090e-02      41.4386    4.608       J0921.6+6216
 0.0555    0.0483   3.1140e-01      17.1705    1.300       J0922.4-0528
 0.1255    0.0478   3.4116e-01      23.8498    3.191       J0923.5+4125
-0.0331    0.0375   7.8177e+02      15.1426    0.753       J0924.0+2816
 0.1145    0.0626   7.6505e-02      14.2601    2.161       J0928.1-2035
 0.1353    0.0746   4.4480e-02      13.2106    2.193       J0930.9+0033
 0.1137    0.0527   2.1044e-01      19.4885    2.539       J0932.6+5306
 0.0872    0.0719   1.3035e-01      14.6481    1.386       J0937.1+5008
 0.1094    0.0436   1.6973e-01      20.5861    2.980       J0940.9-1335
 0.1377    0.0796   2.3486e-01      13.2673    2.136       J0941.9+2724
-0.0836    0.0911   2.7669e+00       4.0732    0.649       J0945.5+4635
 0.1010    0.0227   1.1644e-01      46.5355    5.204       J0946.6+1016
-0.0725    0.0396   5.4590e+01       9.0921    1.463       J0949.0+4038
-0.0078    0.0698   3.8168e+14       6.6280    0.144       J0949.2+1749
 0.0860    0.0390   3.7040e-02      23.7345    2.531       J0956.7+2516
 0.1418    0.0504   1.4147e-01      19.9400    3.372       J0957.3-1348
 0.0767    0.0067   1.4603e+00     163.0994   13.307       J0957.6+5523
 0.3793    0.1129   3.1352e-01      18.8781    5.121       J0958.0+4728
 0.0401    0.0718   4.5851e-04      10.1275    0.591       J0958.4+5042
 0.0315    0.0250   7.7721e-04      25.7771    1.369       J1006.7-2159
 0.1972    0.0458   2.9176e-01      26.9549    5.551       J1007.6-3332
 0.0512    0.0648   1.3931e-02      10.2786    0.881       J1010.8-0158
 0.0963    0.1213   3.1761e-02       5.3883    0.892       J1011.3-0427
 0.1426    0.0259   4.1658e-01      48.6608    6.936       J1012.7+2439
 0.1378    0.0869   9.8117e-02      11.0110    1.952       J1013.7+3444
 0.0615    0.0838   8.4103e-04       9.5331    0.831       J1014.8+2257
 0.1230    0.0711   1.2026e-01      12.6140    2.065       J1015.6+5553
 0.0230    0.0231   3.7497e-02      31.2161    1.047       J1016.0+0512
 0.2016    0.0496   1.4252e-01      24.1314    5.286       J1018.3-3124
 0.1219    0.0638   9.5447e-02      17.4863    2.327       J1018.4+3540
 0.1569    0.1166   1.0546e+00       9.0139    1.821       J1018.4+0528
 0.0921    0.0230   1.2600e-01      49.3075    4.681       J1023.1+3949
 0.1958    0.1945   1.9017e-01       6.0111    1.357       J1023.2+2859
 0.1254    0.0419   1.6172e-01      22.8133    3.544       J1023.9-3236
-0.0777    0.0655   2.5564e+02       5.5323    0.965       J1027.9+0252
 0.0773    0.0667   2.0766e-02      10.5674    1.286       J1028.4-0234
 0.0323    0.0377   1.4879e-04      17.3473    0.907       J1031.6+6019
 0.0319    0.0241   1.6702e-03      34.9227    1.421       J1033.1+4115
 0.0949    0.0157   5.3367e-01      78.4965    8.067       J1033.9+6050
 0.0118    0.0534   3.8196e-12      12.2961    0.228       J1036.2+2202
 0.2019    0.0959   3.0096e-01      10.2067    2.651       J1037.4-2933
 0.0772    0.0302   8.0018e-02      25.0558    2.921       J1037.7-2822
 0.1101    0.0435   3.1167e-02      21.1572    2.892       J1038.8-5312
 0.1079    0.1257   9.9572e-03       4.7134    0.929       J1039.7-1540
 0.0269    0.0290   3.3983e-03      25.0646    1.003       J1043.2+2408
 0.1518    0.0468   4.0280e-02      19.7613    4.029       J1044.6+8053
 0.1157    0.0632   1.2659e-01      12.1329    2.180       J1045.8-2928
 0.1004    0.0102   2.0142e-01     115.1397   12.085       J1048.4+7143
 0.0933    0.0431   3.3799e-02      22.0003    2.482       J1050.1+0432
 0.0144    0.0903   1.0731e-10       5.2240    0.184       J1051.4-3139
 0.9902    0.1559   5.8204e-01       6.9916    2.326       J1051.6+2109
 0.2095    0.0988   2.6908e-01      15.8563    2.298       J1056.8+7012
 0.1463    0.0790   1.8383e-01      12.1952    2.285       J1057.3-2341
 0.1688    0.0845   4.6831e-01      15.8364    2.004       J1058.5+8115
-0.0056    0.0959   1.0762e+15       7.4065    0.048       J1059.5+2057
 0.2016    0.1782   1.6367e-01       6.5939    1.529       J1102.6+5251
 0.2808    0.1886   4.7416e-02       5.9477    2.010       J1102.9+3014
 0.0687    0.0257   4.3432e-02      38.5635    3.034       J1103.0+1157
 0.1106    0.0394   2.8213e-01      26.4442    3.375       J1106.0+2813
 0.2203    0.0531   1.3930e-01      22.6931    5.421       J1107.0-4449
 0.0940    0.1192   9.7607e-02       5.0643    0.911       J1107.7-3042
 0.1013    0.0373   6.9485e-02      28.6492    3.191       J1112.5+3448
 0.1675    0.0869   4.1174e-02      10.7355    2.328       J1114.5-0819
 0.1513    0.1148   3.2440e-02       6.3890    1.538       J1114.7-0248
 0.3232    0.1459   3.9858e-01       9.7957    3.008       J1118.2-4634
 0.1759    0.1344   6.8718e-02       8.2861    1.792       J1118.6-1235
 0.2258    0.1114   1.5409e-01      10.9770    2.905       J1119.0+1235
 0.1231    0.0252   1.6124e-01      42.9614    5.839       J1121.4-0553
 0.2334    0.1238   1.4318e+00       7.8077    2.348       J1123.4-2529
 0.0177    0.0401   5.5136e-06      12.8745    0.474       J1124.0+2336
 0.1950    0.1043   6.1506e-01       9.3726    2.424       J1125.9+2005
 0.0791    0.0090   3.3075e-01     115.1871   10.066       J1127.0-1857
 0.0726    0.0775   5.6112e-03       9.1205    1.021       J1127.4+5648
 0.0500    0.0274   3.1688e-02      29.8387    2.034       J1127.8+3618
 0.0801    0.0596   5.5154e-02      15.4852    1.511       J1128.0+5924
 0.0764    0.0419   4.9814e-03      21.3304    2.049       J1129.8-1447
 0.1577    0.0428   1.2800e-01      20.0964    4.542       J1131.0+3815
 0.2280    0.1792   2.4233e-01       6.8945    2.017       J1135.7-0427
 0.2303    0.1006   1.8432e-01      11.2148    2.970       J1136.2+3407
-0.1253    0.0306   8.0657e+00       6.3154    2.716       J1145.5+4423
-0.0643    0.0898   1.0181e+03       4.3756    0.616       J1145.7+0453
 0.2492    0.1355   2.7549e-01       6.1272    2.572       J1145.7-6949
 0.2742    0.1915   8.4844e-01       5.5436    2.088       J1146.6-2902
 0.0594    0.0112   3.9486e-02      91.0036    6.017       J1146.9+3958
 0.2874    0.1255   4.5742e-01       6.1433    3.208       J1147.4-6758
 0.1473    0.0477   2.6585e-01      22.4498    3.842       J1147.8-0724
 0.0913    0.1187   3.2363e-03       5.9575    0.836       J1148.5+2629
 0.0850    0.0456   1.3414e-01      20.0271    2.155       J1152.3-0839
-0.1149    0.0413   3.1159e+01       6.3089    2.049       J1152.8+3308
-0.0765    0.0452   1.6845e+02       7.2548    1.368       J1153.0+8056
 0.0443    0.0214   1.0741e-02      43.4488    2.278       J1153.4+4931
 0.0185    0.0577   7.7422e-01      11.7591    0.315       J1154.0+4037
 0.1090    0.0653   1.3330e-02      13.3285    1.930       J1154.0+6018
-0.0165    0.0634   1.4928e+06       9.3386    0.245       J1158.5+4824
 0.0734    0.0312   2.7031e-02      26.0285    2.729       J1159.3-2142
 0.0675    0.0084   1.3987e-01     127.5803    8.996       J1159.5+2914
 0.0842    0.0446   4.4240e-02      17.2590    2.126       J1205.7-2635
 0.2288    0.1049   9.2447e-01      10.4989    2.794       J1207.7-0106
 0.0739    0.0211   1.1463e-02      48.1040    3.869       J1208.9+5441
-0.0166    0.0353   3.5007e+04      16.4243    0.446       J1209.8+1810
 0.2614    0.0932   4.7538e-01      17.9759    4.063       J1213.6+1306
 0.0108    0.0350   1.7228e-09      20.1970    0.316       J1215.0+1656
-0.0295    0.0758   3.6130e+03       4.6161    0.343       J1219.0+4827
 0.1321    0.0225   3.8543e-01      64.7915    7.419       J1220.1+7105
 0.0892    0.0310   7.3912e-03      30.4311    3.253       J1222.5+0414
 0.2350    0.0786   3.0020e-01      18.2363    4.133       J1223.9+5000
 0.0450    0.0045   1.9069e-02     211.2425   10.771       J1224.9+2122
 0.1177    0.0778   1.5449e-01      14.1825    1.919       J1228.7+4858
 0.0917    0.0093   1.0110e-02     135.8721   10.858       J1229.0+0202
 0.0805    0.0623   2.0532e-01      13.4914    1.472       J1232.5+4821
 0.0049    0.0631   8.4325e-39      10.1903    0.073       J1238.5-1201
 0.1100    0.0127   1.6594e-01     100.9697   10.195       J1239.5+0443
 0.1136    0.0120   2.5621e-01     104.0602   12.101       J1246.7-2548
 0.1496    0.1000   2.7958e-02      10.5189    1.741       J1254.9+1138
 0.0699    0.0048   7.2132e-02     200.4392   16.213       J1256.1-0547
 0.1074    0.0352   2.6088e-01      32.6741    3.713       J1257.8+3228
 0.0594    0.0324   1.3402e-02      25.3074    2.019       J1258.6-1759
 0.1087    0.0268   2.0860e-01      35.9173    4.942       J1258.8-2219
 0.1304    0.0560   3.2420e-02      18.5467    2.739       J1300.4+1416
 0.0130    0.0879   3.2311e-10       7.7863    0.135       J1301.6+3336
 0.1402    0.0706   1.0801e+00      11.9523    2.404       J1303.6-4622
 0.5148    0.3955   1.5139e+00       4.1349    1.738       J1304.6-0348
 0.3376    0.0939   8.7275e-01      18.6888    5.271       J1308.5+3547
 0.1039    0.0236   4.4002e-01      29.6300    6.108       J1310.5+3221
 0.0467    0.0609   1.3842e-02      11.8676    0.826       J1310.9+5514
 0.2113    0.0902   9.8960e-01      11.2894    2.510       J1311.0+3233
 0.2273    0.0533   4.6357e-01      29.3379    5.503       J1312.8-0425
 0.0675    0.0195   1.3430e-01      48.1813    3.994       J1316.1-3338
 0.0790    0.0621   2.0898e-02      13.7317    1.453       J1317.6+3428
 0.2527    0.1817   3.9183e-01       6.4429    2.020       J1320.7+3314
 0.0908    0.0245   1.8706e-01      48.1380    4.417       J1321.1+2216
-0.0855    0.0475   2.7370e+01       5.2307    1.379       J1321.3-2641
 0.0396    0.0613   3.1749e-03      11.8725    0.670       J1322.0+8317
-0.0318    0.0470   1.4496e+02      10.6682    0.630       J1322.2+0842
 0.1013    0.0371   3.6669e-02      27.0503    3.055       J1322.6-0936
 0.0829    0.1141   3.8677e-03       5.8909    0.802       J1324.9+4748
 0.0859    0.1507   1.4759e+02       4.3445    0.619       J1326.7-0503
 0.1114    0.0308   1.0348e-01      38.5834    4.407       J1326.9+2210
-0.0792    0.0793   8.4790e+02       4.1779    0.846       J1331.7-0343
 0.1754    0.0256   1.9672e-01      56.1689    9.704       J1332.0-0509
 0.1937    0.1434   2.1087e-01       7.5339    1.770       J1332.2+4722
 0.1262    0.0262   2.5427e-01      44.0080    6.248       J1332.6-1256
 0.0256    0.0403   1.2384e-03      17.2923    0.664       J1333.2+2725
 0.0592    0.0322   1.0983e-01      26.2395    2.047       J1333.7+5056
-0.0099    0.0742   2.2986e+06       5.3915    0.115       J1334.5+5634
-0.0210    0.0980   3.1065e+07       4.2172    0.175       J1337.4+5502
 0.1281    0.0320   2.4466e-01      35.6935    4.837       J1337.6-1257
 0.0403    0.0682   4.5391e-05       8.2863    0.615       J1338.0+6534
 0.1566    0.1310   8.5301e-01       6.9270    1.559       J1339.1-2620
 0.6857    0.2572   1.1052e+00       8.3324    4.097       J1339.9-0138
 0.1156    0.0716   3.1289e-02      11.4715    1.938       J1341.8-2053
 0.1095    0.0866   1.9607e+00       8.9585    1.542       J1342.6+0944
-0.0310    0.0813   2.4363e+05       4.7446    0.351       J1343.6+5755
-0.0011    0.0631   1.2171e+81      10.2181    0.031       J1344.0+6605
 0.1236    0.0277   6.1316e-01      36.9290    5.399       J1344.2-1723
 0.0838    0.0073   2.0955e-01     146.3030   13.145       J1345.5+4453
 0.0399    0.0334   2.3108e-03      23.7934    1.310       J1345.8+0706
 0.2813    0.0861   9.3411e-01      14.8688    4.344       J1347.6-3751
 0.0836    0.0420   4.8173e-02      23.3201    2.265       J1349.5-1131
 0.0671    0.0357   4.0858e-02      23.8270    2.119       J1350.8+3033
 0.1853    0.1247   6.6354e-01       7.4321    1.902       J1351.0+0029
 0.3909    0.1741   1.9596e-01       8.8064    3.152       J1354.3-0206
 0.1662    0.0517   3.2585e-01      22.4343    3.944       J1354.8-1041
-0.0201    0.0758   6.4664e+08       8.2971    0.249       J1357.1+1921
 0.0599    0.0460   8.3015e-02      19.9255    1.435       J1358.1+7642
 0.1586    0.0486   2.9794e-01      23.1514    4.132       J1359.1+5544
 0.2137    0.1547   5.1728e-01       7.0775    2.009       J1359.4+0202
 0.2531    0.1238   2.7186e-01      11.0101    2.809       J1359.7+4012
 0.1109    0.0976   2.1711e+00       8.8596    1.408       J1401.2-0915
 0.9843    0.2534   3.3889e-01       5.8584    2.917       J1402.6-3330
 0.0849    0.0321   1.6343e-01      32.5025    3.434       J1408.9-0751
 0.4007    0.2131   3.1099e-01       6.7412    2.700       J1418.7-3504
 0.0907    0.0222   3.8118e-01      47.0908    4.694       J1419.4-0838
 0.0169    0.0367   1.8151e-07      18.3653    0.483       J1419.5+3821
 0.0085    0.0397   2.7236e-10      15.4769    0.234       J1422.3+3223
 0.3457    0.1876   8.3254e-01       5.7542    2.772       J1423.5-7829
 0.1064    0.1285   1.9629e-01       5.1075    0.967       J1426.4+3625
 0.0957    0.0044   4.4492e-01     258.0308   25.508       J1427.9-4206
 0.1904    0.2021   3.5416e-01       6.1835    1.245       J1428.9+5406
 0.2664    0.1179   2.9243e-01      10.7003    3.135       J1433.0-1801
-0.0187    0.0419   7.0821e+05      12.7190    0.426       J1434.2+4204
 0.1456    0.0316   4.5612e-01      32.2371    5.817       J1434.7+1950
 0.0575    0.0900   1.6710e-02      11.0306    0.661       J1436.9+2321
 0.4717    0.2879   8.5305e-01       4.4715    2.446       J1438.0-3128
 0.0882    0.0306   1.3060e-01      33.7056    3.395       J1438.9+3710
 0.1737    0.1241   6.0697e-01       6.0329    1.806       J1441.6-1522
 0.1029    0.0123   1.0955e+00      51.5485    9.942       J1443.9+2501
 0.0058    0.0738   1.4635e-19       6.6158    0.080       J1446.7+1719
 0.1105    0.0933   2.4332e-01      12.1542    1.421       J1450.4+0910
 0.2920    0.3054   7.7554e-01       4.8352    1.390       J1453.5+3505
 0.1137    0.0752   5.9582e-02      10.8448    1.835       J1454.4-3744
 0.1547    0.0194   4.0585e-01      64.6258    9.954       J1457.4-3539
 0.0962    0.0058   2.5441e-01     202.6255   19.196       J1504.4+1029
 0.1002    0.0180   6.0771e-02      61.5419    6.401       J1506.1+3731
 0.4718    0.2025   3.3605e-01       8.9991    3.853       J1509.6-4334
-0.0518    0.0748   3.3947e+03       5.2129    0.598       J1510.1+5702
 0.1082    0.0343   1.4584e-01      24.0973    3.668       J1510.8-0542
 0.1158    0.0296   9.0029e-01      36.5828    4.789       J1512.2+0202
 0.0558    0.0037   2.6798e-02     232.9724   16.730       J1512.8-0906
 0.1186    0.0561   1.5865e-01      15.1955    2.571       J1513.4-3231
 0.0810    0.0362   1.0205e-01      21.5777    2.535       J1514.8-4748
 0.1066    0.1034   9.8343e-02       8.9855    1.206       J1520.5+4209
 0.0574    0.0781   1.5636e-04       8.2370    0.796       J1521.8+4338
 0.0726    0.0063   4.2512e-02     174.4425   13.565       J1522.1+3144
-0.0939    0.0604   9.5246e+01       4.3111    0.885       J1527.3+3117
 0.1043    0.0153   7.3204e-01      67.4736    8.030       J1532.7-1319
 0.0592    0.0319   5.3898e-02      24.9526    2.038       J1534.8+0131
 0.0170    0.0304   1.3895e-04      24.2704    0.541       J1539.6+2743
 0.1930    0.1639   3.0942e-01       5.1653    1.476       J1542.3+1801
 0.0641    0.0313   4.3428e-02      25.1109    2.267       J1549.5+0236
 0.1495    0.0489   3.0563e-01      20.8359    3.796       J1550.7+0528
 0.1151    0.0295   2.0220e-01      35.2246    4.608       J1553.6+1257
 0.0344    0.0287   1.2389e-02      24.5216    1.292       J1553.6-2422
 0.0657    0.1265   4.3122e-02       4.4013    0.547       J1557.9-0001
 0.9999       nan   1.5603e+00       6.8691    3.628       J1557.9-1404
 0.0683    0.0194   3.9427e-02      45.5320    3.942       J1604.6+5714
-0.0662    0.0532   1.0706e+02       6.2716    0.998       J1606.5+2717
 0.5950    0.4334   1.8910e+00       4.4003    2.222       J1608.3+4012
 0.1613    0.0404   1.2528e-01      25.6267    4.869       J1608.7+1029
 0.0919    0.0517   4.3526e-02      12.9577    2.001       J1610.3-3958
-0.0873    0.0393   2.8022e+01       6.7650    1.707       J1610.6+2414
 0.0192    0.0265   1.5296e-05      26.4036    0.772       J1613.6+3411
 0.0422    0.0455   3.5817e-01      16.9807    1.001       J1615.6+4712
 0.0668    0.1128   9.2448e-03       5.8424    0.689       J1616.6+4630
 0.1996    0.0562   2.1234e-01      18.8558    4.505       J1617.3-5849
 0.1097    0.0260   4.2861e-02      33.3988    4.895       J1617.9-7718
 0.3342    0.1691   3.7998e-01       8.7183    2.714       J1618.0+5139
 0.0330    0.0789   7.8201e-01       7.1323    0.436       J1623.6+5743
 0.1617    0.0221   5.1439e-01      50.7237    9.619       J1625.7-2527
 0.2065    0.0722   3.0342e-01      18.8608    3.502       J1625.7+4134
 0.1161    0.0216   7.8288e-02      45.0571    6.266       J1626.0-2950
-0.0085    0.0029   9.3450e+27       4.8528    0.096       J1626.8+4337
 0.1505    0.0594   8.2452e-02      15.3873    3.082       J1628.8-6149
 0.1307    0.0074   1.5514e-01     154.0901   21.909       J1635.2+3808
 0.0801    0.0238   7.4394e-02      42.1691    3.807       J1637.7+4717
 0.0734    0.0527   9.9053e-03      14.9761    1.548       J1638.1+5721
 0.2104    0.1135   3.8010e-01      11.9418    2.376       J1639.2+4129
 0.0604    0.0281   6.9747e-02      38.8766    2.642       J1640.4+3945
 0.0376    0.0230   1.0753e-02      37.3810    1.825       J1642.9+3948
 0.1120    0.0585   6.0797e-02      15.5646    2.266       J1645.6+6329
 0.1344    0.0792   6.2292e-02      10.2505    2.006       J1650.7+0831
 0.2268    0.0758   1.0115e-01      16.1126    3.960       J1656.3-3301
 0.0210    0.0556   2.5038e-05      10.8526    0.391       J1657.0+6010
 0.0848    0.0215   8.1325e-02      46.5346    4.457       J1657.7+4808
 0.0604    0.0072   4.0887e-03       5.5730    0.550       J1659.0+2627
 0.0914    0.0155   1.2937e-01      71.3386    6.902       J1700.0+6830
 0.1493    0.0225   2.8018e-01      50.3604    8.036       J1703.6-6213
 0.0951    0.0166   1.8899e-01      67.5514    6.656       J1709.7+4318
 0.1242    0.1383   1.1797e+00       5.0109    1.030       J1715.8+2151
 0.0436    0.0397   1.7670e-02      21.1572    1.175       J1716.1+6836
 0.3069    0.0883   3.9027e-01      14.6540    4.993       J1717.6-5154
 0.0927    0.0626   3.6830e-03      14.1119    1.647       J1722.6+6104
 0.0321    0.0281   1.1386e-01      24.1975    1.201       J1722.7+1014
 0.2824    0.1934   1.0856e+01       5.8899    1.506       J1724.1+3304
 0.1670    0.0429   2.4381e-01      29.6447    4.713       J1724.2+4005
 0.0109    0.1744   1.9485e-12       4.7856    0.000       J1724.9+7654
 0.0999    0.0188   6.5700e-02      57.7149    6.012       J1727.4+4530
 0.0568    0.0381   1.5038e-02      17.8830    1.639       J1728.0+1216
 0.3358    0.1086   3.5962e-01      13.6071    4.550       J1728.4+0427
 0.1681    0.0425   1.1079e+00      23.9478    4.863       J1730.6+0024
 0.1171    0.0155   2.9035e-01      64.7898    8.791       J1733.0-1305
 0.0707    0.0224   5.5341e-02      44.3378    3.629       J1734.3+3858
 0.0698    0.0873   1.0266e-02      10.3501    0.922       J1736.6+0628
 0.0821    0.0297   1.7974e-01      31.0615    3.148       J1739.5+4955
 0.0945    0.0798   2.6170e+00      11.9442    1.317       J1740.0+4737
 0.0508    0.0199   9.2639e-03      48.2333    2.821       J1740.5+5211
 0.0402    0.0806   2.3152e-03       5.2913    0.536       J1744.2-0353
 0.1140    0.0641   4.5308e-01      14.9266    2.102       J1748.0+3403
 0.0942    0.1181   2.7315e-01       4.9341    0.871       J1753.7+2847
 0.9916       nan   5.3319e+00       5.7227    3.469       J1756.6+1553
 0.0591    0.0198   4.6724e-02      44.6496    3.347       J1801.5+4404
 0.1296    0.0168   3.1228e-01      65.5164    9.195       J1802.6-3940
 0.1599    0.1095   2.2370e-01       6.8569    1.863       J1803.4-6510
 0.0707    0.0693   4.5139e-02       7.7411    1.169       J1807.9-6412
 0.0339    0.0651   5.8866e-04       7.8516    0.546       J1808.1-5013
 0.0557    0.0959   6.7222e-03       4.6169    0.635       J1814.4+2953
 0.1147    0.0519   2.7467e-01      14.9046    2.549       J1818.6+0903
 0.1267    0.0222   7.9149e-02      48.9879    6.839       J1829.2-5813
 0.0836    0.0546   2.1846e-01      13.8981    1.691       J1830.1+0617
 0.0937    0.0086   5.6274e-02     122.3637   12.388       J1833.6-2103
 0.0200    0.0714   2.2714e+00       8.4881    0.295       J1834.2+3136
 0.0586    0.0976   2.8266e-03       8.0990    0.668       J1842.3+6810
 0.2282    0.0440   7.0311e-01      33.8591    6.839       J1848.4+3217
 0.0857    0.0229   5.8937e-02      30.4700    4.287       J1848.5+3243
 0.0963    0.0121   2.6725e-01      78.4577    9.562       J1849.2+6705
 0.0769    0.0244   2.6584e-01      38.0499    3.617       J1852.4+4856
 0.1359    0.0368   2.2283e-01      30.6809    4.425       J1902.9-6748
 0.1777    0.0220   2.8224e-01      57.3983   10.232       J1911.2-2006
 0.1246    0.0324   1.8148e-01      31.2926    4.627       J1913.0-8009
 0.1322    0.0244   4.4186e-01      45.6737    6.445       J1923.5-2104
 0.0299    0.0191   1.6857e-03      37.1148    1.661       J1924.8-2914
 0.0198    0.0540   3.3031e-08      11.0644    0.384       J1933.2-4539
 0.1699    0.1230   5.9160e-02       6.9100    1.727       J1934.3+6541
 0.0711    0.0424   9.8772e-03      17.6390    1.845       J1937.2-3958
 0.2196    0.1451   6.4640e-01       5.4968    1.900       J1939.5-1525
 0.0767    0.0178   4.7404e-02      53.0745    4.816       J1941.3-6210
 0.1988    0.1262   5.7639e-01       5.6389    1.992       J1951.8-0511
 0.1647    0.0550   4.1802e-01      18.4296    3.721       J1955.2+1358
 0.1226    0.0685   1.3760e-01      14.2607    2.278       J1955.4+5132
-0.0344    0.0618   7.6439e+03       5.7571    0.486       J1957.1-3231
 0.1537    0.0210   3.2906e-01      58.4118    9.057       J1958.0-3845
 0.1473    0.0467   2.4083e-01      24.3871    3.731       J1959.1-4247
 0.0525    0.0480   2.2517e-02      13.6716    1.207       J2000.3-2930
 0.0814    0.0750   4.0647e-02       8.4009    1.312       J2000.6-1328
-0.0020    0.0188   3.1763e+29      27.7920    0.068       J2000.9-1748
 0.0038    0.0563   1.7101e-25       6.9664    0.074       J2005.2-1822
 0.2999    0.1250   9.3442e-01       9.5104    3.402       J2005.8+6424
 0.1025    0.0374   1.0233e-01      23.7678    3.121       J2005.9-2309
 0.3049    0.1689   5.0774e-01       6.6398    2.790       J2007.2+6607
 0.0701    0.0853   2.3036e-03       7.0548    0.928       J2010.0+0726
 0.3475    0.2070   1.5897e-01       4.7167    2.521       J2011.6-1546
 0.4160    0.2623   4.7833e-01       5.3259    2.882       J2015.4+6556
 0.1796    0.0284   4.2836e-01      22.6672    8.742       J2015.5+3710
 0.1273    0.0365   1.7081e+00      26.9177    4.179       J2023.6-1139
 0.0952    0.0399   6.1054e-02      21.6934    2.718       J2024.6-3252
 0.0861    0.0455   6.0753e-01      17.3206    2.199       J2025.2+0317
 0.0979    0.0100   2.0077e-01     110.5377   11.547       J2025.6-0735
 0.1641    0.1201   1.2754e-01       7.3447    1.666       J2026.0-2845
-0.0354    0.0561   5.7574e+02       8.9082    0.556       J2030.2-0620
 0.1145    0.1366   1.0847e+01       5.1375    0.964       J2030.4-0502
 0.0789    0.0714   6.4873e-02      14.0847    1.305       J2034.6+1154
 0.1180    0.0153   2.1301e-01      73.8567    9.519       J2035.4+1056
 0.3155    0.1288   5.9347e-01      13.7668    3.912       J2038.7+5117
 0.1155    0.1820   2.3040e-01       5.8576    0.791       J2040.2-2506
 0.1913    0.0695   1.1165e+00      16.2194    3.504       J2050.4-2627
 0.1002    0.0114   7.6828e-02      99.6835   10.324       J2056.2-4714
 0.1970    0.1406   5.8278e-02       6.3741    1.834       J2101.4-2935
 0.2134    0.0912   1.0577e-01      10.8452    2.997       J2108.5+1434
 0.7200    0.4818   6.4418e-01       4.4783    2.491       J2110.2-1021
 0.0757    0.0536   5.8519e-02      11.6248    1.632       J2110.3+0808
 0.1558    0.1079   1.4088e-01       6.0717    1.652       J2114.8+2831
 0.1221    0.0245   3.3073e-01      40.2083    6.004       J2115.4+2932
 0.0777    0.1582   2.4817e-02       5.1235    0.612       J2118.0+0019
 0.0383    0.0785   6.2998e-03       7.7945    0.509       J2119.6-1105
 0.0716    0.0207   3.2779e-01      42.7211    3.796       J2121.0+1901
 0.0181    0.0443   6.3042e-05      11.4967    0.416       J2123.6+0535
 0.0429    0.0266   1.1661e-03      29.1945    1.749       J2126.3-4605
 0.0698    0.0331   3.9536e-02      28.5817    2.420       J2135.3-5006
 0.1496    0.1286   2.3338e-02       5.8696    1.376       J2136.2+0032
 0.0234    0.0433   6.9133e-07      15.3245    0.559       J2141.8-3727
-0.0393    0.0581   4.1694e+02       7.0817    0.625       J2142.7-0437
 0.0460    0.0103   2.9877e-03      87.5121    4.794       J2143.5+1743
 0.2275    0.0803   4.2574e-02       5.0487    1.379       J2144.3-7802
 0.0834    0.0274   1.7299e-01      36.0851    3.478       J2145.0-3356
 0.1083    0.0830   1.4317e-02      10.2286    1.516       J2146.4-1528
 0.1364    0.0277   1.1698e-01      37.3583    6.061       J2147.1+0931
 0.0698    0.0100   4.0523e-02      99.3210    7.860       J2147.3-7536
 0.2094    0.1053   7.2892e-02       6.9749    2.429       J2148.6+0652
-0.0492    0.0648   2.9417e+02       8.3475    0.668       J2150.7-2810
 0.1905    0.0259   4.2782e-02      46.5873    8.895       J2151.8-3027
 0.0885    0.0423   4.4243e-02      17.6996    2.386       J2153.8-1137
 0.0008    0.0369   4.1562e-74      14.0245    0.031       J2156.3-0036
 0.1415    0.0198   3.8794e-01      59.5818    8.882       J2157.5+3127
 0.1042    0.0408   6.1372e-01      24.7842    3.105       J2158.1-1501
 0.1466    0.0330   1.6153e-01      36.6338    5.894       J2201.5-8339
 0.1388    0.0176   6.7674e-02      58.7797    9.250       J2201.8+5048
 0.0747    0.0157   1.3046e-01      63.2256    5.407       J2203.4+1725
 0.0514    0.0366   1.7945e-02      21.8640    1.542       J2207.5-5346
 0.1067    0.0360   5.6544e-01      26.5649    3.523       J2212.0+2356
 0.1074    0.0690   1.6531e-01       8.7271    1.829       J2212.8+0647
 0.1085    0.0665   4.5482e-01      14.3286    1.928       J2212.9-2526
 0.2131    0.1795   2.7232e-01       5.2459    1.659       J2216.8+3103
 0.0905    0.0287   4.3112e-01      33.2021    3.624       J2219.2+1806
 0.0600    0.1080   3.0192e-04       7.1094    0.613       J2219.2-0342
 0.3304    0.2194   2.9671e-01       6.6127    1.880       J2221.9-3504
 0.2569    0.1365   1.2909e-01       7.8010    2.457       J2225.6+2120
 0.1042    0.0366   1.3631e-01      28.6320    3.388       J2225.7-0457
 0.3633    0.1660   6.4812e-01       6.1854    3.342       J2226.8+0051
 0.0950    0.0152   2.3527e-02      61.7197    7.055       J2229.7-0832
 0.2265    0.1092   3.2589e-01      12.3214    2.672       J2231.0-4416
 0.1007    0.0060   1.1344e-01     199.4577   19.272       J2232.6+1143
 0.0266    0.0282   5.4032e-05      25.3495    1.014       J2235.3-4836
 0.1246    0.0158   2.8915e-01      75.0899    9.580       J2236.3+2828
 0.1161    0.0657   3.2731e-01      15.9923    2.099       J2237.0-3921
 0.2389    0.2130   1.1690e+00       4.3982    1.462       J2239.2-5657
 0.0896    0.0127   7.0384e-01      77.2714    8.604       J2244.2+4057
 0.0276    0.0595   1.3632e-07      10.3372    0.500       J2248.7-3235
 0.1042    0.1250   5.1897e-01       7.2309    1.010       J2248.9+2106
 0.0999    0.0027   1.0706e-01     443.8451   42.776       J2253.9+1609
 0.0538    0.0520   2.1712e-05       6.7384    1.055       J2256.0-2740
 0.2204    0.0332   4.0287e-01      44.3929    8.797       J2258.1-2759
 0.1142    0.0521   1.1107e-01      17.4258    2.612       J2301.0-0158
 0.1011    0.0132   1.5675e-01      82.4703    8.931       J2311.0+3425
 0.1338    0.0198   5.7478e-01      60.6145    8.500       J2321.9+3204
 0.0649    0.0444   7.1112e-01      16.9504    1.645       J2321.9+2734
 0.2569    0.1674   1.0811e+00       5.1914    2.086       J2322.1+4440
 0.1030    0.0142   3.0267e-01      76.0363    8.566       J2323.5-0317
 0.1831    0.1381   9.0057e-01       7.9482    1.708       J2323.6-0617
 0.1927    0.0325   4.9454e-01      45.9463    7.798       J2325.4-3559
 0.0922    0.0285   1.1879e-02      31.7015    3.675       J2327.5+0939
 0.0888    0.0233   1.3507e-01      42.5370    4.700       J2328.3-4036
 0.0434    0.1121   3.2137e-02       6.9249    0.414       J2329.0+0832
 0.1056    0.0065   2.2641e-01     185.4011   19.408       J2329.3-4955
 0.0269    0.0763   1.7148e-04      10.4814    0.356       J2329.3-4733
 0.2557    0.1276   1.5297e-01       8.6605    2.695       J2330.5+1102
 0.1180    0.0479   1.6426e-01      22.6566    3.382       J2331.0-2147
 0.0624    0.1417   7.4291e-03       5.6015    0.580       J2331.3-1558
 0.3437    0.2678   1.6507e+00       5.5094    1.925       J2332.1-4118
 0.0546    0.0673   7.6073e-03      12.6722    0.892       J2334.2+0736
 0.1740    0.0783   2.0251e-01      13.2436    2.880       J2335.4-0128
 0.1116    0.0496   2.6413e-01      21.3687    2.710       J2336.6-4115
 0.0597    0.0350   2.8055e-02      22.8887    1.916       J2338.0-0230
 0.1156    0.0094   8.1987e-01     129.7029   15.525       J2345.2-1555
 0.0421    0.0204   1.8112e-02      40.9128    2.311       J2348.0-1630
-0.0199    0.0594   4.9156e+04       7.7268    0.332       J2349.4+0534
 0.1035    0.1504   4.2456e-01       4.1760    0.805       J2354.1-0958
 0.1522    0.1237   4.2376e-01       6.2374    1.448       J2354.6+4554
 0.0775    0.0987   3.6513e-02       7.2451    0.973       J2354.9+8151
 0.0326    0.0400   9.0791e-05      15.1129    0.866       J2357.8-5311
 0.1073    0.0474   3.7425e-02      20.4925    2.695       J2358.3-1021
 0.0047    0.0605   6.8135e-14       6.7447    0.097       J2359.0+3922
