#4FGL LogParabola pulsars (psr+PSR)
Beta      Beta_err E_peak[GeV]     det_sig   curv_sig     source_name
 0.4286    0.0650   8.9095e-01      27.6687    9.682       J0002.8+6217
 0.2732    0.0056   1.8747e+00     329.0935   65.920       J0007.0+7303
 0.4476    0.0949   1.1316e+00      22.6444    7.100       J0023.4+0920
 0.3886    0.0203   1.1023e+00     120.3905   29.022       J0030.4+0451
 0.2292    0.0308   7.4756e-01      51.4146    9.903       J0034.3-0534
 0.4008    0.0465   1.1857e+00      50.4295   13.109       J0101.1-6422
 0.2711    0.0368   1.2051e+00      35.4767    9.096       J0102.8+4839
 0.4711    0.0393   1.9981e+00      48.7480   14.396       J0106.4+4855
 0.1566    0.0134   2.4460e-01      66.2740   10.747       J0205.7+6449
 0.1694    0.0200   3.8890e-01      73.4968   11.855       J0218.1+4232
 0.5137    0.0312   7.6903e-01      31.2736    8.686       J0248.4+6021
 0.9301    0.2205   1.9062e+00      10.4926    4.804       J0248.6+4230
 0.6851    0.1740   1.4616e+00      17.5521    7.253       J0251.0+2605
 0.6250    0.0335   1.3845e+00      44.5406   16.455       J0307.8+7443
 0.4637    0.0795   1.5052e+00      22.2735    6.511       J0318.2+0254
 0.4274    0.0333   2.2572e+00      49.0358   14.477       J0340.3+4130
 0.5722    0.0257   7.2322e-01     104.1567   34.396       J0357.8+3204
 0.4502    0.0390   1.1124e+00      28.0611   10.933       J0359.4+5414
 0.5741    0.0508   6.7669e-01      56.7911   17.189       J0437.2-4715
 0.8059    0.0759   6.0397e-01      20.4570    8.656       J0514.6-4408
 0.3545    0.0599   2.1600e+00      33.5871    9.148       J0533.8+6800
 0.2042    0.0122   8.2602e-01      35.6077   34.109       J0534.5+2200
 0.1408    0.0293   1.8471e-01      21.6738    5.872       J0540.3-6920
 0.5796    0.0460   1.1137e+00      36.9641   13.310       J0554.1+3107
 0.7163    0.1273   1.6196e+00      21.1901    9.591       J0605.1+3757
 0.4416    0.0661   1.1509e+00      22.5153    7.477       J0610.2-2100
 0.2966    0.0245   1.0273e+00      58.0818   14.584       J0613.7-0201
 0.2967    0.0117   2.1265e+00     175.5138   36.895       J0614.1-3329
 1.0000    0.0048   2.5077e+00      12.5592    7.367       J0621.2+2512
 0.8202    0.0849   7.3352e-01      33.1994   16.818       J0622.2+3749
 0.3523    0.0340   1.5525e+00      38.7313   12.503       J0631.5+1036
 0.5248    0.0712   2.4343e+00      24.4266    8.174       J0631.8+0645
 0.3775    0.0244   1.1814e+00      76.9274   23.962       J0633.7+0632
 0.3728    0.0027   1.2597e+00     792.6913  210.443       J0633.9+1746
 0.4776    0.0255   1.6413e-01      36.6818   12.615       J0659.7+1416
 0.1743    0.1396   2.6489e-01       5.1466    1.695       J0729.3-1445
 0.2764    0.0226   6.3142e-01      51.7429   13.627       J0734.7-1559
 0.3786    0.0726   1.3009e+00      16.4337    4.869       J0741.0+6618
 0.3185    0.0361   8.2835e-01      20.8102    6.537       J0742.8-2822
 0.6973    0.0987   2.1290e+00      31.5069   12.333       J0751.2+1808
 0.3160    0.0002   1.1023e+00     496.1393  211.325       J0835.3-4510
 0.5187    0.1371   6.0211e-01      14.0963    7.426       J0908.7-4911
 0.9998    0.0193   1.9775e+00       9.7527    5.666       J0931.2-1906
 0.7400    0.0477   1.5918e+00      20.3045    9.426       J0941.1-5429
 0.8184    0.2717   1.7651e+00      10.4900    5.103       J0952.1-0607
 0.3339    0.0888   1.0411e+00      16.6130    5.232       J0955.4-6151
 0.2986    0.0952   1.5423e+00      15.2963    4.377       J1012.1-4235
 0.3235    0.0274   1.1355e+00      35.9273    9.221       J1016.3-5857
 0.3276    0.0490   1.2630e+00      13.5780    4.505       J1019.8-5749
 0.3320    0.0363   7.6204e-01      25.6726   17.437       J1023.0-5745
 0.3946    0.1303   1.2639e+00      16.8391    4.793       J1024.5-0719
 0.2689    0.0159   9.2909e-01     117.9491   26.457       J1028.5-5819
 0.5492    0.0308   1.4660e+00      43.6775   15.493       J1035.4-6720
 0.5821    0.0838   1.9681e+00      14.8081    6.579       J1036.5-8318
 0.2901    0.0173   7.0243e-01      74.5731   18.940       J1044.4-5737
 0.2772    0.0130   8.9712e-01     110.1351   26.413       J1048.2-5832
 0.2141    0.0829   7.1195e-01      17.2923    3.212       J1048.6+2340
 0.2979    0.0443   1.1224e+00      15.3349    5.895       J1055.7-6028
 1.0000    0.0036   1.1884e+00      16.4372    8.459       J1056.9-5852
 0.5486    0.0125   1.0424e+00     239.0189   72.777       J1057.9-5227
 0.5001    0.0545   1.4650e+00      21.9299    9.366       J1104.9-6037
 0.2717    0.0479   6.0738e-01      12.9532    5.519       J1105.4-6108
 0.3086    0.0304   2.4074e+00      40.0933   11.516       J1111.8-6039
 0.2404    0.0618   8.7561e-01      10.6252    4.098       J1112.1-6108
 0.1578    0.0304   7.5933e-01      30.0277    5.885       J1119.1-6127
 0.3377    0.0447   1.5305e+00      34.4606    9.801       J1124.0-3653
 0.2440    0.0285   4.7454e-01      55.0142   11.890       J1124.7-5915
 0.5199    0.1249   2.6850e+00      15.3213    5.609       J1125.6-5825
 0.8155    0.1855   1.9728e+00       5.4462    3.185       J1126.4-6011
 0.2757    0.0224   7.8395e-01      42.6875   10.485       J1135.2-6055
 0.7091    0.3439   2.7115e+00       5.1471    3.329       J1137.6+7527
 0.3786    0.0865   2.5491e+00      23.7065    6.567       J1142.8+0120
 0.3312    0.0500   1.0416e+00      14.2307    4.965       J1152.0-6107
 0.5982    0.0779   1.6734e+00      15.5571    6.501       J1207.4-5050
 0.2378    0.0312   9.4157e-01      25.8859    7.887       J1208.2-6237
 0.2054    0.0308   5.6638e-01      29.0981    7.453       J1228.0-4853
 0.4333    0.0161   1.6791e+00     154.5729   41.104       J1231.1-1412
 0.7326    0.5028   4.7870e-01       6.4393    3.410       J1253.3-5816
 0.3805    0.0735   1.2263e+00      25.7046    7.353       J1301.6+0834
 0.5785    0.0809   2.1536e+00      33.9818   10.993       J1302.4-3258
 0.1927    0.0172   7.1996e-01      95.7887   15.106       J1311.7-3430
 0.4509    0.0593   1.2054e+00      38.2722   12.580       J1312.7+0050
 0.1587    0.0892   9.8215e-01       9.2082    2.654       J1341.7-6216
 0.4168    0.0324   1.5552e+00      28.8033   10.026       J1350.6-6224
 0.3317    0.0374   3.1182e-01      17.6837    7.690       J1356.9-6432
 0.4167    0.0795   6.5077e-01       6.6368    4.993       J1411.5-6133
 0.3463    0.0172   1.4986e+00      87.7349   23.703       J1413.5-6205
 0.3080    0.0752   1.0369e+00      20.5613    5.336       J1417.6-4403
 0.3467    0.0264   1.0334e+00      38.0905   24.598       J1418.7-6057
 0.3381    0.0295   6.8912e-01      10.9289   11.411       J1420.0-6048
 0.5413    0.0251   3.0640e+00      42.6209   16.140       J1422.5-6137
 0.2894    0.0280   6.2278e-01      66.6298   17.649       J1429.9-5911
 0.2969    0.1499   3.6134e-01       8.0226    2.520       J1431.4-4711
 0.4754    0.0809   1.6349e+00      18.6691    6.280       J1446.6-4701
 0.2596    0.0165   4.8694e-01      76.0722   17.601       J1459.5-6053
 0.3785    0.0206   1.3170e+00      62.2138   18.070       J1509.4-5850
 0.4452    0.0689   1.0475e+00      19.8035    6.727       J1513.4-2549
 0.3788    0.0230   2.1651e+00      67.3306   17.088       J1514.3-4946
 0.4939    0.0316   1.0268e+00      42.3705   16.221       J1521.9-5735
 0.6765    0.1040   1.7339e+00      23.1030    9.421       J1528.4-5838
 0.5296    0.0643   8.9730e-01      10.9686    5.890       J1531.5-5612
 0.2466    0.0144   1.8253e+00      91.2146   18.439       J1536.4-4948
 0.3610    0.0475   6.8419e-01      14.6146    6.053       J1543.6-5148
 0.2028    0.0703   9.7294e-01      14.2326    3.227       J1544.0+4939
 0.4069    0.0915   1.7805e+00      15.7799    4.854       J1553.1+5438
 0.2469    0.1091   4.3471e-01       9.7712    3.136       J1555.7-2908
 0.4415    0.0449   2.4694e+00      24.4759    8.460       J1600.9-3054
 0.2192    0.1225   8.0452e-01       4.9484    2.956       J1614.1-5047
 0.6310    0.0336   1.9877e+00      54.0821   19.147       J1614.5-2230
 0.8306    0.1014   2.7673e+00      20.0179   10.752       J1615.3-5136
 0.5106    0.0250   2.5162e+00      65.2233   20.865       J1620.7-4927
 0.3661    0.0282   2.5375e+00      30.8847    9.537       J1623.0-5004
 0.2038    0.0442   9.1654e-01      19.7103    4.004       J1623.0-0315
 0.4433    0.0329   1.1552e+00      35.7280   12.498       J1624.1-4042
 0.5164    0.0412   1.7476e+00      54.0780   16.097       J1625.1-0020
 0.4733    0.0906   9.6181e-01      20.3525    8.016       J1628.1-3204
 0.6968    0.1360   1.6030e+00      24.9562    7.579       J1630.6+3734
 0.4793    0.1276   1.5898e+00       9.0466    3.990       J1640.1+2222
 0.6016    0.0765   1.4260e+00      11.8330    4.980       J1641.2+8049
 0.4080    0.0724   8.7274e-01      23.4161    7.988       J1641.2-5317
 0.6457    0.0448   2.6110e+00      27.6284   10.677       J1648.4-4611
 0.3926    0.0290   1.1549e+00      25.9430    9.978       J1650.3-4600
 0.3119    0.0329   8.1355e-01      55.7637   13.771       J1653.6-0158
 0.5243    0.0676   7.8984e-01      32.4697   12.191       J1658.6-5323
 0.5359    0.0511   8.8396e-01      12.7496    6.738       J1702.9-4131
 1.0000    0.0012   8.9694e-01       8.5920    5.860       J1705.6-1909
 0.2756    0.0046   1.2107e+00     374.4227   80.089       J1709.7-4429
 0.5016    0.0686   1.7640e+00      22.4300    7.999       J1713.8+0747
 0.2024    0.0234   8.0406e-01      32.8529    9.135       J1714.4-3830
 0.3351    0.0201   6.6762e-01      43.9877   14.643       J1718.2-3825
 0.1015    0.1050   3.0067e-01       5.4718    1.319       J1720.8-1937
 0.2725    0.0746   3.2648e-01      10.7606    5.033       J1730.5-3352
 0.6456    0.2136   7.9942e-01       7.1017    4.624       J1730.8-2303
 0.6291    0.0318   1.8974e+00      91.5022   33.534       J1732.5-3131
 0.3251    0.0621   1.0215e+00      15.5345    4.947       J1732.7-5050
 0.5400    0.1018   1.0256e+00      11.5176    6.475       J1739.4-3015
 0.2927    0.2623   1.5463e-01       5.2428    1.892       J1740.5+1005
 0.6552    0.1064   1.7094e+00      13.4058    5.691       J1741.4+1354
 0.7351    0.0203   7.9428e-01      99.7858   38.644       J1741.9-2054
 0.5803    0.0993   1.5268e+00      14.3923    5.799       J1742.3-3318
 0.6003    0.0407   1.5396e+00      51.9306   17.807       J1744.0-7618
 0.5952    0.0316   9.2015e-01      49.0343   18.574       J1744.4-1135
 0.5512    0.0797   1.7206e+00      21.6761    7.833       J1745.5+1017
 0.5202    0.0321   1.3300e+00      35.7772   15.332       J1746.8-3239
 0.3503    0.0308   6.9144e-01      47.1808   18.538       J1747.2-2957
 0.3852    0.0395   9.2465e-01      21.5303    7.538       J1747.7-4037
 0.1199    0.0946   3.9211e-01       5.8486    1.754       J1756.6-2352
 0.2199    0.0417   6.5350e-01      15.5508    5.157       J1801.2-2450
 0.5317    0.3275   5.0654e-01       7.7406    4.459       J1801.6-1418
 0.2964    0.0214   1.3638e+00      30.0575   10.402       J1803.1-2148
 0.4599    0.0802   1.8288e+00      15.9752    5.158       J1805.6+0615
 0.3977    0.0827   9.6082e-01      12.3450    9.058       J1806.2-2126
 0.3379    0.0128   1.1996e+00     161.4342   42.261       J1809.8-2332
 0.2491    0.0281   5.1861e-01      43.3431    9.673       J1810.5+1744
 0.1519    0.0608   3.7735e-01      10.9535    3.186       J1811.3-2403
 0.3637    0.5088   7.7960e+00       4.7006    2.076       J1811.5-1925
 0.3336    0.0129   6.1989e-01     105.7888   28.313       J1813.4-1246
 0.3410    0.0540   1.4135e+00      36.4585    9.378       J1816.5+4510
 0.3496    0.0628   1.1720e+00      15.2160    5.846       J1817.1-1742
 0.2900    0.0318   1.5374e+00      26.8517    7.392       J1823.5-3020
 0.3787    0.0627   1.6915e+00      16.0632    5.321       J1824.1+1013
 0.3201    0.0288   9.0693e-01      27.9571    8.926       J1824.6-2452
 0.3500    0.0178   9.0215e-01     103.2520   32.594       J1826.1-1256
 1.0000    0.0021   2.0802e+00      18.4790    8.825       J1827.4-1445
 0.1663    0.0344   6.0146e-01      16.9391    3.785       J1827.6-0849
 0.2347    0.0739   2.6462e-01      11.0931    4.548       J1828.4-1059
 0.7242    0.1274   5.4308e-01       7.6750    6.597       J1831.5-0935
 0.7383    0.0706   2.4435e+00      11.2303    5.564       J1832.4-0847
 0.1883    0.0376   4.8349e-01      29.7208    7.058       J1833.5-1033
 0.3884    0.0007   1.1843e+00     466.0803  111.912       J1836.2+5925
 0.2187    0.0435   6.6885e-01      13.2563    4.921       J1837.8-0604
 0.3238    0.0269   1.4051e+00      28.6210   11.277       J1838.9-0537
 0.3741    0.0216   5.3633e-01      17.9735    6.248       J1843.7-1114
 0.6265    0.0879   1.6360e+00      22.1165   10.566       J1844.4-0345
 0.5031    0.0313   1.6899e+00      54.2026   17.361       J1846.3+0919
 0.3433    0.1460   1.8961e+00       8.0345    3.554       J1853.3-0005
 0.1617    0.0794   1.0148e+00      10.3006    2.603       J1855.9-1435
 0.4852    0.3376   4.1097e-01       5.4753    3.924       J1857.2+0941
 0.3889    0.1426   9.1812e-01      10.8787    6.237       J1857.6+0143
 0.6545    0.1021   1.7142e+00      28.2496   11.515       J1858.3-2216
 0.3061    0.0341   9.9343e-01      22.5415    6.501       J1901.4-0126
 0.2872    0.0356   6.5383e-01      41.9880   11.877       J1902.0-5105
 0.5542    0.1342   2.2205e+00      22.5743    6.810       J1903.4-7053
 0.2824    0.0282   7.6320e-01      21.8406   10.442       J1906.4+0723
 0.3064    0.0119   9.6011e-01     109.9722   32.393       J1907.9+0602
 0.4560    0.0945   1.9759e+00       8.1083    3.311       J1908.9+2103
 0.2019    0.1070   1.7583e-01       4.2871    2.271       J1912.2-3636
 0.5354    0.0531   1.3320e+00      15.3858    7.686       J1913.3+0905
 0.1185    0.0757   2.0152e+00       6.2528    2.131       J1913.3+1019
 0.3208    0.0414   1.2808e+00      16.5449    5.553       J1921.4+0136
 0.8284    0.1404   1.2351e+00       7.3505    5.450       J1925.2+1729
 0.5656    0.0867   1.8873e+00       5.5073    3.278       J1932.2+2221
 0.4207    0.0542   7.9877e-01      37.3203   14.198       J1932.3+1916
 0.2451    0.0349   2.2871e-01      15.5098    6.231       J1935.2+2029
 0.3157    0.0475   6.5203e-01      12.4680    5.692       J1939.6+2135
 0.5783    0.0848   1.1814e+00      33.5678   11.486       J1946.5-5402
 0.2749    0.0127   8.6869e-01     106.8576   26.550       J1952.9+3252
 0.3168    0.0250   1.1365e+00      73.5993   19.657       J1954.3+2836
 0.6683    0.0263   7.1939e-01      56.6645   20.446       J1957.6+5033
 0.3791    0.0196   1.0337e+00      75.8352   22.321       J1958.7+2846
 0.5017    0.0519   9.9053e-01      27.6956   10.864       J1959.5+2048
 0.3774    0.0529   1.3185e+00      11.6905    4.702       J2006.2+3102
 0.4416    0.1472   3.0734e+00      11.1439    4.461       J2006.4+0147
 0.4064    0.0342   2.4881e+00      67.7253   19.545       J2017.4+0602
 0.2012    0.0553   1.0962e+00      19.0350    3.719       J2017.7-1612
 0.5376    0.0356   1.0200e+00      43.0620   16.135       J2017.9+3625
 0.3179    0.0096   9.1212e-01     182.3764   49.855       J2021.1+3651
 0.3966    0.0107   8.7224e-01     117.5162   56.401       J2021.5+4026
 0.4448    0.1224   4.4462e-01      10.7174    5.691       J2022.3+3840
 0.6455    0.0317   1.4105e+00      54.9827   22.287       J2028.3+3331
 0.5679    0.0369   1.6206e+00      45.6289   16.229       J2030.0+3641
 0.6487    0.0454   1.1041e+00      39.4392   15.996       J2030.9+4416
 0.4000    0.0157   2.3190e+00      86.9727   22.968       J2032.2+4127
 0.8266    0.2242   8.2468e-01      16.1381    7.933       J2042.2+0245
 0.3064    0.0300   1.5508e+00      58.3780   15.133       J2043.3+1711
 0.5840    0.0680   8.0570e-01      20.1440    8.303       J2043.7+2741
 0.3377    0.1259   2.6526e+00      12.9112    4.112       J2047.3+1051
 0.6184    0.1029   2.1672e+00      11.9277    5.115       J2051.0-0826
 0.1582    0.0841   5.1061e-01      10.2183    2.374       J2052.7+1218
 0.5825    0.0283   1.0638e+00      94.3710   32.140       J2055.8+2540
 0.2569    0.0204   1.2204e+00      59.2773   13.113       J2111.4+4606
 0.9122    0.2189   2.9752e+00      15.2259    7.678       J2115.1+5449
 0.5467    0.0322   1.6692e+00      82.4098   27.596       J2124.7-3358
 0.3915    0.0777   1.3666e+00      24.9946    7.323       J2129.8-0428
 0.6383    0.0424   8.7322e-01      43.5416   17.119       J2140.0+4716
 0.1455    0.2051   4.0109e-01       4.1766    0.614       J2205.5+6016
 0.6960    0.0939   3.4296e-01       7.6918    3.885       J2208.1+4058
 0.4689    0.0327   1.4469e+00      79.1811   22.171       J2214.6+3000
 0.2661    0.0268   1.3704e+00      36.3605    8.277       J2215.6+5135
 0.2174    0.0094   7.1192e-01     158.4364   32.300       J2229.0+6114
 0.4498    0.0550   1.6496e+00      29.4499    8.867       J2234.7+0943
 0.3021    0.0203   7.4161e-01      56.8740   16.361       J2238.5+5903
 0.3374    0.0873   9.8443e-01      13.4645    4.740       J2240.6+5833
 0.5022    0.0109   1.6520e+00      42.3103   20.170       J2241.7-5236
 0.3709    0.0725   1.1405e+00      27.3368    7.497       J2256.8-1024
 0.4020    0.0271   1.9028e+00      81.5316   22.424       J2302.7+4443
 0.6004    0.1176   1.5198e+00      22.1449    7.939       J2310.0-0555
 1.0000    0.0013   1.2695e+00       5.2514    3.422       J2317.3+1433
 0.2849    0.0278   1.8649e+00      71.8918   15.042       J2339.6-0533
