#4FGL LogParabola blazars (bll+BLL)
Beta      Beta_err E_peak[GeV]     det_sig   curv_sig     source_name
 0.0473    0.0357   3.8681e-01      22.7484    1.480       J0001.2-0747
 0.9996    0.0250   5.1067e+00       4.1992    1.726       J0003.2+2207
 0.2623    0.1281   1.6778e+00      10.2339    2.819       J0003.9-1149
 0.2742    0.2507   1.8085e+00       4.1249    1.444       J0006.3-0620
 0.0794    0.0235   2.1189e+00      42.1630    3.848       J0008.0+4711
 0.1628    0.1087   2.9950e+01      10.5199    1.856       J0008.4-2339
 0.0451    0.0489   7.1613e-01      13.0524    1.013       J0009.1+0628
 0.0698    0.0158   3.0398e+00      54.2284    4.864       J0009.3+5030
-0.0408    0.0481   2.0332e+01       9.7892    0.734       J0009.8-4317
 0.0745    0.0594   2.2231e+00      16.9058    1.482       J0013.1-3955
 0.0823    0.0744   5.5261e+00      11.5090    1.247       J0013.9-1854
 0.3499    0.1954   1.3315e+00       6.2304    2.688       J0014.1+1910
 0.1357    0.0963   4.1432e+00      10.1767    1.791       J0014.1-5022
-0.0477    0.0661   2.8930e+02       4.5348    0.592       J0014.2+0854
 0.1579    0.1020   3.2258e+01       9.2606    1.939       J0014.7+5801
-0.0568    0.0593   9.9327e+00       5.3998    0.783       J0015.2+3537
-0.0294    0.0442   2.0804e+00      10.6818    0.574       J0015.6+5551
 0.2039    0.2029   1.5679e+00       7.4619    1.640       J0017.8+1455
 0.1361    0.0774   2.7787e+01      12.0041    2.029       J0018.4+2946
 0.0187    0.0452   2.5539e-01      15.8279    0.417       J0019.3-8152
 0.1502    0.1058   1.1830e+00       9.6009    1.847       J0019.6+2022
 0.0389    0.0353   5.9182e-01      21.2039    1.195       J0021.5-2552
 0.2469    0.2563   9.1975e-01       4.7427    1.488       J0021.6-0855
 0.0368    0.0333   1.5869e+00      22.8719    1.191       J0021.9-5140
-0.0621    0.0521   3.3748e-01       7.3585    0.980       J0022.0+0006
 0.0971    0.0393   4.8212e+00      25.4785    2.933       J0022.1-1854
 0.0326    0.0198   1.3078e-01      41.9483    1.784       J0022.5+0608
 0.2677    0.1717   2.8773e+00       8.4237    2.449       J0023.9+1603
-0.0272    0.0523   3.3286e+00       9.6780    0.463       J0026.6-4600
 0.0471    0.0441   2.0888e-01      18.7394    1.180       J0029.0-7044
 0.1455    0.0726   1.6831e+01      13.6511    2.455       J0030.2-1647
-0.0469    0.0742   6.6892e+00       7.5488    0.504       J0031.3+0726
 0.0853    0.1021   2.9699e-01       7.5994    0.964       J0032.4-2849
 0.0664    0.0142   2.2982e+01      62.0837    5.355       J0033.5-1921
 0.0631    0.0282   1.7360e+01      29.3963    2.530       J0035.2+1514
 0.0511    0.0125   9.3089e+01      61.3066    4.063       J0035.9+5950
-0.0065    0.0284   3.4383e+06      18.1056    0.211       J0037.8+1239
 0.0063    0.0440   2.2599e-01      13.1049    0.154       J0038.1+0012
-0.1003    0.0278   6.1995e+00       8.0121    2.463       J0040.3+4050
 0.2214    0.1450   1.7233e+00       7.8737    2.145       J0040.4-2340
 0.0458    0.1086   6.0208e-01       5.7159    0.460       J0042.0+3640
-0.0051    0.0735   4.4660e-02       7.2559    0.075       J0043.5-0442
 0.1743    0.1281   5.9411e+00       8.5419    1.781       J0043.7-1116
 0.0714    0.0222   2.1597e+01      43.4810    3.681       J0045.3+2128
 0.0086    0.0268   4.2329e+00      23.9245    0.329       J0045.7+1217
 0.1146    0.0451   1.5226e+00      20.3212    2.975       J0047.0+5657
 0.0241    0.0296   5.2861e+00      22.6431    0.839       J0047.9+3947
 0.0292    0.0930   6.7198e-02       6.0214    0.304       J0049.0+2252
 0.0512    0.0290   1.4040e-01      28.8255    1.966       J0049.7+0237
 0.0708    0.0145   1.4019e+00      66.4131    5.610       J0050.7-0929
 0.1100    0.0245   2.2550e+01      44.7746    5.547       J0051.2-6242
 0.0916    0.0339   2.3202e+01      26.8268    3.162       J0054.7-2455
 0.0035    0.0302   6.3586e+08      20.4210    0.107       J0056.3-0935
 0.1224    0.0417   4.5815e+00      23.0147    3.573       J0056.4-2118
 0.1317    0.1977   2.1966e+00       5.8077    0.930       J0056.8+1626
 0.1121    0.0297   1.0283e+00      38.2843    4.644       J0058.0-3233
 0.1609    0.1265   1.8580e+01       8.8410    1.566       J0059.3-0152
 0.2628    0.1948   4.5117e+00       8.0814    1.699       J0059.5-3512
 0.1610    0.0374   4.5505e+00      35.8291    5.463       J0100.3+0745
-0.0303    0.0797   2.0049e+03       5.1925    0.353       J0101.0-0059
-0.0449    0.0609   1.6230e+02       5.0368    0.639       J0103.5+1526
 0.1192    0.0545   1.8298e+01      17.1153    2.654       J0103.5+5337
 0.0320    0.0697   2.3241e-01      10.4057    0.470       J0103.8+1321
 0.0804    0.0501   2.6607e-01      17.1195    1.830       J0105.1+3929
 0.0639    0.0440   1.7391e+00      18.3780    1.670       J0109.1+1815
 0.0979    0.0898   2.0665e+01       9.3708    1.239       J0110.0-4019
 0.0078    0.0160   6.7464e+00      38.4520    0.474       J0110.1+6805
-0.0233    0.0445   2.6721e+00       8.3514    0.482       J0110.7-1254
 0.0963    0.1611   7.9509e+00       5.8059    0.631       J0111.4+0534
 0.0569    0.0083   8.3381e-01     111.4148    7.753       J0112.1+2245
 0.4077    0.1868   5.3478e+00      11.8739    3.402       J0112.8-7506
-0.0308    0.1067   1.0468e+04       6.2371    0.254       J0113.7+0225
 0.0137    0.0235   2.3144e-01      28.7348    0.594       J0114.8+1326
 0.0068    0.0933   6.6390e+14       8.4466    0.064       J0114.9-3400
 0.0874    0.0386   1.5594e+00      29.6135    2.696       J0115.6+0356
-0.0145    0.0215   1.8975e+00      26.7487    0.631       J0115.8+2519
 0.1417    0.1436   2.5442e+01       6.9580    1.118       J0116.0-2745
 0.0592    0.0548   1.1641e+01      12.7106    1.196       J0116.2-6153
-0.0384    0.0779   1.2158e+02       4.7997    0.396       J0116.5-2812
 0.5663    0.4286   1.4758e+01       5.0255    1.799       J0117.5-2442
 0.1020    0.0841   1.8483e+01      11.8870    1.478       J0119.0-1458
 0.0538    0.0131   7.1534e+00      71.1526    4.639       J0120.4-2701
 0.0446    0.0642   3.5478e+02      11.5921    0.729       J0123.1+3421
 0.0272    0.0356   8.0318e+01      18.8192    0.804       J0123.7-2311
 0.2802    0.1766   1.4937e+00       8.5313    2.321       J0124.8-0625
 0.0913    0.0609   6.6875e-01      18.9287    1.840       J0125.3-2548
-0.0680    0.0497   1.9534e+01       5.5784    1.055       J0127.1+3310
 0.1003    0.0479   6.0167e-01      19.7273    2.466       J0127.2-0819
 0.0602    0.0468   5.6365e+00      18.0568    1.448       J0127.2+0324
-0.0240    0.0565   2.8328e+04       7.2426    0.379       J0127.9+4857
 0.0884    0.0256   3.2869e+01      32.3770    3.657       J0131.1+6120
-0.0155    0.0426   2.5241e+03      12.8979    0.340       J0132.8-4413
 0.0795    0.0109   3.0579e+01      84.7523    8.421       J0136.5+3906
 0.0194    0.0227   1.6838e+01      28.4631    0.847       J0137.9+5814
 0.0223    0.0499   3.8370e+01      12.7686    0.448       J0138.0+2247
 0.1579    0.1355   1.0796e+01       6.9321    1.465       J0140.6-0758
 0.0197    0.0166   2.3135e-02      44.5138    1.245       J0141.4-0928
 0.1059    0.1143   6.6310e-01       6.6355    1.112       J0142.7-0543
 0.0482    0.0210   3.4110e+01      38.1939    2.531       J0143.7-5846
 0.0803    0.0113   6.0959e-01      88.0051    8.378       J0144.6+2705
 0.0867    0.0782   2.4406e+00      11.7800    1.268       J0146.9-5202
 0.0660    0.0409   3.0196e+01      17.6825    1.769       J0148.2+5201
-0.0462    0.0398   2.5399e+01       9.3684    0.974       J0148.6+0127
 0.0234    0.0531   2.6568e-02      11.2321    0.454       J0151.3+8601
-0.0192    0.0241   1.5097e+00      24.9421    0.735       J0152.6+0147
 0.0695    0.0525   3.7523e+00      14.0778    1.533       J0153.0+7517
 0.0823    0.0258   4.8730e+00      35.9589    3.809       J0153.9+0823
 0.2604    0.0910   1.4519e+00      13.9368    3.712       J0155.0+4433
-0.0635    0.0406   2.7884e+01       9.6421    1.237       J0156.8-4744
 0.0969    0.0440   2.6913e+01      21.7795    2.515       J0156.9-5301
 0.0712    0.0352   1.7952e+00      23.8489    2.329       J0158.5-3932
 0.0387    0.0337   1.8200e+00      21.2681    1.236       J0159.5+1046
 0.0846    0.0574   1.7545e+00      16.1525    1.685       J0159.7-2740
 0.0644    0.1367   3.1015e+01       4.5797    0.527       J0201.1+0036
 0.1267    0.1137   1.4505e+00       6.8328    1.335       J0202.7+4204
 0.0460    0.0550   2.6880e-01      10.9579    0.894       J0203.6+7233
 0.1008    0.0232   4.9221e-01      44.7686    5.196       J0203.7+3042
 0.0750    0.1264   8.2058e+00       5.8924    0.675       J0204.0-3334
 0.0071    0.0462   1.3753e-07      11.2666    0.164       J0208.3-6838
 0.0662    0.0927   2.9290e-01       8.1896    0.813       J0208.5-0046
 0.0678    0.0744   1.5269e+01       9.6561    1.039       J0208.6+3523
 0.0881    0.0863   1.0080e+01      10.6881    1.057       J0209.3+4449
 0.0242    0.0190   1.1604e+02      44.4260    1.342       J0209.3-5228
 0.3170    0.1128   1.9891e+00      14.4682    4.381       J0209.9+7229
 0.0510    0.0109   4.2968e-01      77.4022    5.202       J0211.2+1051
 0.0487    0.0541   4.3927e+00      13.2899    0.953       J0212.4-3502
 0.1426    0.0545   2.2781e+00      17.8240    3.312       J0212.9+2244
-0.0547    0.0305   2.6030e+00      13.6973    1.552       J0214.3+5145
 0.1425    0.0902   8.6735e+00      10.7545    1.945       J0216.5+2313
 0.1223    0.0452   3.6099e+00      23.3900    3.355       J0216.8-6635
 0.0508    0.0251   1.7808e-01      31.3079    2.265       J0217.2+0837
 0.0300    0.0453   2.1402e+01      11.9859    0.721       J0219.0+2443
-0.0164    0.0495   7.4650e+01       9.8348    0.320       J0219.1-1724
 0.2368    0.1908   1.5097e+01       6.0649    1.687       J0220.8-0841
 0.0450    0.0060   4.4492e+00     163.8475    8.297       J0222.6+4302
 0.0548    0.0511   3.8410e+00      11.7337    1.147       J0223.0+6821
 0.1490    0.1120   1.0835e+01      11.9103    1.794       J0223.1-1117
-0.0242    0.0442   2.7461e+02      10.5508    0.504       J0224.0-7941
 0.0312    0.0760   5.1935e+00      11.8064    0.407       J0226.5-4441
 0.0410    0.0402   4.7257e+00      18.4569    1.101       J0227.3+0201
-0.0399    0.0446   4.2968e+00      11.0679    0.776       J0231.2-5754
-0.0244    0.0453   1.0862e-01      11.0642    0.476       J0232.8+2018
 0.0918    0.1078   5.2272e+00       7.9517    1.016       J0232.9+2608
 0.0266    0.0770   1.7222e+01       9.2299    0.375       J0234.3-0628
-0.1138    0.0467   6.0169e+00       5.7388    1.210       J0235.6-2939
 0.0350    0.1229   6.5945e-01       4.0891    0.302       J0237.3+2000
 0.0360    0.0573   6.8558e+01      11.9243    0.635       J0237.6-3602
 0.1105    0.0751   4.5594e+00      13.1525    1.815       J0238.1-3905
 0.0260    0.0240   2.3749e+02      31.7363    1.149       J0238.4-3116
 0.0954    0.0094   5.8219e-01     126.5774   12.814       J0238.6+1637
 0.1503    0.1271   1.8725e+00       8.1868    1.498       J0241.0-0505
 0.0326    0.0342   9.6406e-01      19.1121    1.053       J0241.3+6543
 0.1239    0.0698   1.8246e+00      12.4081    2.225       J0243.4+7119
 0.0396    0.0358   1.3938e+02      22.2101    1.188       J0244.6-5819
 0.0573    0.0565   5.7206e+01      13.7104    1.033       J0250.6+1712
 0.0589    0.0678   2.8493e+00      10.3802    0.955       J0253.2-0124
 0.4157    0.2997   3.9354e+00       5.2489    2.221       J0255.8+0534
-0.0160    0.0406   5.2491e+02      11.2721    0.386       J0256.3+0334
 0.1928    0.1041   2.3869e+00       8.5060    2.410       J0258.1+2030
 0.1168    0.1547   1.2352e+02       5.4129    0.946       J0303.3+0555
 0.0266    0.0081   1.7296e+01      98.4755    3.470       J0303.4-2407
 0.0669    0.0187   4.0196e-01      44.5773    3.855       J0303.6+4716
 0.6044    0.3787   1.2426e+01       8.1590    2.635       J0304.4-2833
 0.0053    0.0725   2.6451e+01       6.6343    0.079       J0304.5-0054
 0.1975    0.1759   1.1153e+00       6.5959    1.404       J0304.9-0606
 0.0869    0.0951   3.1051e+01      11.3271    1.107       J0305.1-1608
 0.0768    0.0281   2.4276e+00      29.3311    3.049       J0307.4+4915
 0.1001    0.1170   6.2738e+00      10.3467    1.110       J0309.7-0745
 0.0619    0.0470   5.4768e+01      17.0582    1.456       J0310.6-5017
 0.2050    0.0880   7.7090e+00      13.8786    2.962       J0312.5-2221
 0.0287    0.0479   1.7799e+01      11.2673    0.618       J0312.9+3614
 0.0810    0.1014   1.2927e+01       9.4061    0.916       J0314.3+0620
 0.0617    0.0409   1.4499e+00      19.8991    1.689       J0314.3-5103
 0.1141    0.0454   1.6282e+01      20.7345    2.943       J0316.2-6437
 0.0767    0.0288   8.3260e+00      32.3868    3.088       J0316.2+0905
 0.1582    0.0568   7.9930e+00      20.0662    3.601       J0316.2-2608
 0.0557    0.0430   3.3259e+00      16.2754    1.386       J0318.7+2135
 0.0639    0.0388   1.2216e+02      16.5549    1.759       J0319.8+1845
 0.0118    0.0229   1.9180e+00      28.6731    0.526       J0322.0+2335
 0.1114    0.0465   7.4160e+00      20.8968    2.914       J0323.7-0111
 0.0124    0.0359   4.0810e+01      17.9024    0.361       J0325.5-5635
 0.0569    0.0275   2.0647e+01      30.4190    2.317       J0325.6-1646
 0.0206    0.0339   4.2456e+01      19.0274    0.600       J0326.2+0225
 0.5449    0.4692   2.2174e+01       5.8400    2.169       J0328.8-5715
 0.0718    0.0364   2.9188e+00      23.0302    2.246       J0331.3-6156
 0.0755    0.0432   1.9967e+00      17.4643    2.052       J0331.9+6307
 0.0483    0.0411   2.5081e+00      19.2228    1.239       J0333.7+7851
 0.0877    0.0296   5.6527e+00      31.0053    3.370       J0333.7+2916
 0.0658    0.0343   8.6752e+00      21.3663    2.133       J0333.9+6537
 0.0632    0.0167   1.6853e+00      61.5546    4.283       J0334.2-3725
 0.0727    0.0133   3.4143e-01      79.4400    6.215       J0334.2-4008
 0.0119    0.0354   1.2320e+01      17.6892    0.351       J0335.1-4459
 0.0586    0.1260   5.9845e+01       5.6515    0.503       J0336.5-0348
 0.0273    0.0813   5.9843e+02       6.2627    0.352       J0338.1-2443
 0.1386    0.0353   1.2822e+01      29.6287    4.774       J0338.5+1302
 0.0402    0.0389   6.5395e+00      17.6389    1.122       J0339.2-1736
 0.0644    0.0381   1.9243e-01      24.2320    1.914       J0340.5-2118
 0.0623    0.0309   6.8318e-01      25.7437    2.280       J0343.2-6444
 0.0443    0.0331   3.3976e-03      26.1858    1.493       J0345.2-2353
 0.0188    0.0344   3.1938e-05      19.1310    0.569       J0348.6-1609
 0.0289    0.0752   7.1044e+02      12.8511    0.387       J0349.4-1159
 0.2354    0.1169   2.4004e+01       9.0856    2.514       J0352.9-3623
 0.0038    0.0527   2.4232e-07       9.6431    0.065       J0353.0+5654
 0.0229    0.0547   5.2631e+04      13.0262    0.418       J0353.0-6831
 0.0594    0.0725   3.0161e+02       8.4347    0.880       J0353.7+8257
 0.1236    0.0827   6.8265e-01      12.7890    1.708       J0354.7+8009
 0.1021    0.0552   1.1276e+00      16.8104    2.168       J0357.0-4955
 0.0994    0.1369   3.5295e-01       7.7503    0.883       J0358.1-5954
 0.1396    0.1093   5.4701e+00       7.9524    1.529       J0359.0-3053
 0.1347    0.1214   2.0538e+00       7.4132    1.357       J0359.4-2616
 0.1136    0.0697   1.1345e+00      13.1832    2.031       J0402.0-2616
-0.0082    0.0847   5.1392e+10       6.1997    0.064       J0403.5-2437
 0.0589    0.0401   1.3950e-01      15.7924    1.616       J0407.5+0741
 0.3043    0.1239   2.6736e+00      15.9163    3.658       J0409.8-0359
-0.0190    0.0268   3.3392e-01      19.5325    0.652       J0416.9+0105
 0.1080    0.1277   1.0504e+01       6.5655    1.160       J0420.2+4012
-0.0078    0.0381   2.8350e+02       9.5973    0.189       J0422.3+1951
 0.1014    0.0210   6.4194e+00      44.8872    5.461       J0423.9+4150
 0.0475    0.0256   3.1826e-01      35.1846    2.020       J0424.7+0036
 0.0932    0.0399   3.5962e-01      28.9358    2.735       J0424.9-5331
 0.0855    0.0057   8.4224e-01     221.2494   18.311       J0428.6-3756
 0.3138    0.3443   3.1249e+00       4.6313    1.508       J0429.3-3238
 0.0570    0.0599   1.3613e+00      13.0987    1.041       J0430.3-2507
 0.0297    0.0400   5.2276e+00      17.6435    0.780       J0431.8+7403
 0.0311    0.0681   7.4565e+01      10.0611    0.484       J0433.1+3227
 0.0736    0.0205   1.6416e+00      42.1261    4.159       J0433.6+2905
 0.2520    0.1246   9.1886e-01      10.8772    2.703       J0434.1-2014
 0.0396    0.0772   4.7527e-03       8.8607    0.547       J0434.4-2342
 0.0206    0.0410   4.1985e+00      16.7529    0.524       J0434.7+0922
 0.1161    0.0414   2.0312e-01      26.3517    3.264       J0438.9-4521
 0.1468    0.0660   7.6145e+00      15.2362    2.772       J0439.8-1859
 0.1325    0.0861   5.2632e+01      11.2283    1.845       J0440.2-2458
 0.0744    0.0483   2.4203e+00      15.9002    1.768       J0440.8+2749
 0.0807    0.0838   2.8349e+00       6.8274    1.110       J0441.5+1505
 0.0972    0.1267   1.1481e+01       6.9198    0.852       J0443.4-4152
 0.0634    0.0351   8.2530e+00      23.3674    2.072       J0448.6-1632
 0.0543    0.0075   1.6255e+01     118.8581    7.972       J0449.4-4350
 0.0536    0.0609   5.2381e+00      10.6397    0.968       J0453.1+6322
 0.0277    0.0635   4.7796e+02       9.2863    0.405       J0500.6-4911
 0.1481    0.1393   1.0110e+00       6.1659    1.406       J0502.5+1340
 0.0571    0.0888   5.0299e+01       5.4680    0.696       J0502.9+6533
 0.0537    0.0906   3.0365e+01       7.6016    0.637       J0503.5-1116
 0.0909    0.0653   1.3482e+01      14.4576    1.480       J0505.6+0415
 0.0422    0.0705   1.4122e+00       8.1017    0.652       J0505.6-1558
 0.0014    0.0829   7.2675e-48       6.9634    0.000       J0505.8-3817
 0.0038    0.0337   1.3684e-01      15.5200    0.116       J0506.0+6113
 0.0082    0.0494   1.2153e-02      11.0564    0.152       J0506.7-0857
 0.1478    0.0505   3.5892e+01      23.8920    3.355       J0506.9-5435
 0.0283    0.0133   1.9421e+04      55.3661    2.141       J0507.9+6737
 0.0513    0.0125   1.2438e+00      77.4280    4.443       J0509.4+0542
-0.1050    0.0659   8.5114e+01       4.3500    1.242       J0509.6+8425
-0.0507    0.0439   8.7042e+00       8.3473    0.908       J0509.6-0402
 0.0826    0.0308   7.6432e+00      27.6531    2.979       J0515.8+1527
 0.0553    0.0520   2.0694e+01      16.1036    1.174       J0516.4+7350
 0.0481    0.0167   3.3911e-01      55.9566    3.133       J0516.7-6207
 0.0500    0.0677   7.1272e+00       8.1879    0.822       J0521.6+0103
 0.0406    0.0073   1.0231e+01     113.2448    5.816       J0521.7+2112
 0.1420    0.0732   2.2590e+00      11.9735    2.487       J0525.8-0052
 0.0405    0.0562   1.2785e+00      11.7874    0.785       J0528.7-5920
 0.0776    0.0143   5.7016e-01      82.2451    6.504       J0532.0-4827
 0.2012    0.1089   3.4608e+00       9.6662    2.389       J0536.2+1733
 0.1165    0.0478   3.1279e+01      21.7617    2.764       J0536.4-3343
 0.1861    0.1013   3.2803e+00      13.2490    2.524       J0537.7-5717
 0.0616    0.0047   5.3861e-01     217.2727   14.746       J0538.8-4405
-0.0068    0.0260   8.1513e-02      18.7695    0.246       J0540.5+5823
 0.0675    0.0212   3.8277e+01      41.8513    3.621       J0543.9-5531
 0.0453    0.0979   3.7215e+01       5.0608    0.511       J0546.9-2206
 0.0007    0.0543   4.4096e+34      11.8074    0.000       J0550.5-3216
 0.1173    0.0533   4.3068e+00      17.7872    2.691       J0553.5-2034
 0.1380    0.0655   2.1752e+00      14.8808    2.550       J0556.2-4352
 0.0569    0.0412   1.5201e+01      20.6445    1.547       J0558.0-3837
 0.0553    0.0447   2.8650e+00      17.7428    1.309       J0558.8-7459
 0.0683    0.0444   6.8551e+00      17.2470    1.717       J0601.0+3838
 0.0190    0.0713   7.0664e-02       6.3775    0.287       J0601.3-7238
 0.1235    0.0356   5.1243e+00      28.3571    4.116       J0602.8-4019
 0.0741    0.0618   3.2287e+01      12.4625    1.330       J0604.1-4816
 0.6528    0.3291   4.7560e+00       7.3226    3.234       J0607.2-2518
 0.0854    0.0177   2.0754e+00      52.2616    5.420       J0607.4+4739
 0.1765    0.0615   9.6421e+00      19.1526    3.642       J0609.2-0247
 0.0795    0.0596   1.5240e-01      12.9183    1.535       J0610.1-1848
 0.2093    0.1100   1.8472e+00       8.5068    1.933       J0611.6+2803
 0.1103    0.0148   2.5862e+00      72.7432    9.123       J0612.8+4122
 0.0398    0.0644   1.2278e+00      11.3298    0.672       J0615.3-3117
 0.0295    0.0230   7.0066e-01      31.0269    1.327       J0617.2+5701
 0.1239    0.0458   5.9013e+00      20.7126    3.272       J0617.7-1715
 0.1346    0.1433   4.3021e+00       4.5560    1.067       J0621.7-3411
 0.0526    0.1097   2.8728e+01       4.2034    0.484       J0621.8+1746
 0.0305    0.0185   1.1426e+01      41.4571    1.726       J0622.3-2605
 0.0911    0.0810   8.2027e+00      13.0707    1.117       J0623.2+3044
 0.0078    0.0777   2.4425e-05       5.9093    0.123       J0623.9-5259
 0.0672    0.0393   1.1843e+00      19.8589    1.957       J0625.3+4439
 0.2368    0.1454   1.1797e+01       9.1743    2.038       J0626.4-4259
-0.0542    0.0503   3.9418e+01       5.4198    0.884       J0626.4-1712
 0.0685    0.0459   9.1949e-01      18.5230    1.665       J0628.8-6250
 0.0705    0.0223   3.6286e-01      36.7437    3.648       J0629.3-1959
 0.0869    0.0146   1.1478e+01      69.9781    7.026       J0630.9-2406
 0.0204    0.0575   1.3432e+05      12.7363    0.362       J0640.0-1253
 0.0339    0.0519   1.8200e+00      11.9529    0.711       J0644.6+6039
 0.0343    0.0209   7.5661e+02      34.0087    1.662       J0648.7+1516
 0.1334    0.0728   3.9264e+01      15.9970    2.220       J0649.5-3139
 0.0348    0.0120   2.5951e+02      60.9566    3.039       J0650.7+2503
 0.3219    0.1030   3.0645e+00      15.5853    4.415       J0653.7+2815
 0.0973    0.0833   2.8582e+00       8.8041    1.388       J0654.7+4246
 0.0678    0.0919   1.2193e+01       6.4680    0.842       J0656.3+4235
 0.1574    0.2208   2.9239e+00       4.3252    0.979       J0656.3-2404
 0.0939    0.0745   5.0415e+00      13.2061    1.457       J0700.2+1304
 0.0815    0.0128   1.2534e+00      80.4728    7.362       J0700.5-6610
 0.0656    0.0254   9.9564e-01      30.7468    2.848       J0702.7-1951
 0.0681    0.0452   1.5696e+00      14.7507    1.735       J0703.2-3914
 0.0646    0.0254   1.6538e+01      32.9522    2.788       J0706.5+3744
 0.1046    0.0273   2.1620e+00      38.6878    4.352       J0706.8+7742
-0.0135    0.0396   1.3739e+07      11.4666    0.318       J0706.9+6109
 0.0514    0.0305   1.5605e+00      24.9304    1.798       J0709.1+2241
 0.0460    0.0320   3.2741e+02      24.0650    1.480       J0710.4+5908
 0.1864    0.0768   1.5173e-01      12.2792    3.043       J0710.9+4733
-0.0908    0.0372   1.5507e+01       5.3868    1.823       J0712.4+5724
 0.0351    0.0232   1.6223e-01      31.6773    1.601       J0712.7+5033
-0.0371    0.0362   6.2331e+01       9.8896    0.925       J0715.6-4528
 0.0903    0.0212   5.4716e+00      43.9885    4.863       J0718.6-4319
 0.0727    0.0495   4.8851e-01      13.1502    1.702       J0719.7-4012
 0.0449    0.0923   1.9040e+01       6.0386    0.503       J0721.3-0222
 0.0565    0.0039   8.6875e-01     260.2830   16.315       J0721.9+7120
 0.0143    0.0488   4.7954e-01       9.4721    0.305       J0723.0-0732
 0.7728    0.3206   2.5323e+01       4.1531    2.226       J0723.4+5841
 0.9998    0.0518   1.6593e+01       4.6890    1.664       J0727.1+3734
 0.0505    0.0766   2.7392e-01       7.5834    0.702       J0728.2+4827
 0.0687    0.0656   6.8214e+00      12.3369    1.174       J0730.4+3308
 0.0761    0.0377   6.3457e-01      20.6247    2.298       J0730.5-0535
 0.0050    0.0435   4.4947e+09      14.6584    0.110       J0730.7-6602
 0.0885    0.1235   3.5011e+00       5.9135    0.860       J0731.9+2805
-0.0270    0.0366   1.6955e+01      14.3022    0.650       J0733.7+4110
 0.0650    0.0124   1.9355e+00      69.0815    6.468       J0738.1+1742
 0.0670    0.0950   1.0689e-01       5.7785    0.823       J0740.9+3203
 0.4262    0.4190   5.7708e+01       4.7317    1.672       J0741.0+3226
-0.0030    0.0602   6.0909e+16       7.4057    0.000       J0743.1+1713
-0.0395    0.0309   1.5900e+00      18.9694    1.126       J0744.1+7434
 0.0666    0.0353   3.3540e+00      21.5537    2.090       J0746.6-4754
 0.0140    0.0258   4.8623e-05      19.4215    0.560       J0747.3-3310
 0.0467    0.0618   1.3352e+00      10.5744    0.835       J0747.5+0905
-0.0165    0.0686   7.4940e-02       5.6136    0.223       J0749.2+2314
-0.0688    0.0465   1.1363e+01       8.6953    1.091       J0749.7+7450
 0.0707    0.0287   6.4683e-01      35.5853    2.773       J0753.0+5353
 0.0781    0.0227   7.9051e-01      35.2972    3.857       J0754.4-1148
 0.0789    0.0253   1.1417e+00      38.3184    3.555       J0754.7+4823
-0.0132    0.0691   7.8346e+00       7.6282    0.168       J0756.3-6431
 0.2027    0.1283   2.6775e+01       6.0199    1.893       J0757.1-3729
 0.0344    0.0192   1.3164e-01      40.0777    1.935       J0757.1+0956
 0.0778    0.0597   1.1141e+00      16.4773    1.543       J0758.9+2703
 0.0250    0.0660   9.3630e+01      10.0243    0.418       J0759.6+1321
 0.1583    0.0952   1.5745e+00      11.9818    2.048       J0800.9+4401
-0.0028    0.0596   1.9126e+07       9.2623    0.051       J0801.1+6444
 0.1275    0.0806   3.0845e+00       9.9287    1.915       J0802.0+1006
 0.2126    0.0568   7.6842e+00      20.3271    4.666       J0804.0-3629
 0.0153    0.0160   1.8584e+02      41.7941    0.937       J0805.4+7534
-0.0243    0.0413   7.3984e+00      11.3070    0.514       J0806.5+5930
 0.0802    0.0315   6.2536e-01      31.8470    2.989       J0807.1-0541
 0.0102    0.0403   1.0624e+04      12.3708    0.267       J0809.6+3455
 0.0413    0.0102   1.4200e+01      87.0045    4.419       J0809.8+5218
 0.0725    0.0185   5.8783e+00      50.8021    4.458       J0811.0-7529
 0.0606    0.0143   7.0139e-01      61.0798    4.811       J0811.4+0146
-0.0312    0.0380   1.2711e+00      15.2236    0.718       J0812.0+0237
 0.0760    0.1167   1.8873e-02       5.1598    0.719       J0812.3+1143
 0.0432    0.0774   3.6187e+00       9.3101    0.548       J0812.8+6507
 0.0533    0.0876   9.8306e-01       7.7015    0.605       J0812.9+5555
 0.0373    0.0330   1.0576e+00      22.7406    1.233       J0814.2-1013
 0.0961    0.1134   4.4160e+00       7.1256    0.953       J0814.4+2941
 0.0195    0.0162   2.9628e-03      44.0323    1.244       J0814.6+6430
 0.0709    0.0823   2.7243e+00       7.7373    0.967       J0816.1+4909
 0.0571    0.0226   1.1135e+00      37.2642    2.772       J0816.3+5739
 0.0630    0.0217   2.0883e+01      39.1889    3.214       J0816.4-1311
 0.1572    0.0887   5.1125e+00      11.0784    2.366       J0816.9+2050
 0.0811    0.1014   2.6208e+00       7.3709    1.047       J0817.8+3243
 0.1185    0.0368   1.8279e+00      28.2169    4.001       J0817.8-0934
 0.0858    0.0110   7.5154e-01      97.0432    9.197       J0818.2+4222
 0.1446    0.0987   3.8995e+00       8.9517    1.820       J0818.4+2816
 0.0793    0.1123   1.9346e+00       5.5016    0.802       J0818.7+3153
 0.0895    0.0917   1.0253e+00       9.1211    1.204       J0819.0+2746
-0.0246    0.0649   2.0402e-01       7.4150    0.335       J0819.4-0756
 0.0034    0.0421   4.3013e-16      12.7664    0.097       J0820.3+3639
-0.0789    0.0421   1.7919e+01       8.2872    1.347       J0820.9+2353
-0.0050    0.0560   5.1407e+15       8.0086    0.069       J0820.9-1258
 0.0351    0.1108   2.1711e+02       4.5592    0.326       J0823.1-6330
 0.0972    0.0941   2.8593e-01       7.6886    1.193       J0823.3+2224
 0.0211    0.0361   1.2260e-02      19.6703    0.606       J0825.8+0309
 0.0678    0.0129   2.4793e+00      70.4961    6.042       J0825.9-2230
 0.0559    0.0565   4.7443e+01      13.8435    1.127       J0826.4-6404
 0.1728    0.0845   1.1590e+01      13.0576    2.756       J0827.0-0708
 0.0522    0.1117   1.9318e+01       4.8996    0.526       J0828.0+2307
-0.0157    0.0931   2.2007e+00       5.4544    0.170       J0828.3+4152
 0.0472    0.0884   7.5982e-02       4.9495    0.590       J0828.7-2422
 0.2054    0.1305   1.5819e+00       8.7451    2.209       J0829.0+1755
 0.0578    0.1365   1.8049e+00       5.1925    0.483       J0829.7+5105
 0.2255    0.1616   7.1421e+00       7.1992    1.934       J0831.5+1747
 0.0843    0.0164   1.9887e-01      63.8859    5.952       J0831.8+0429
-0.0270    0.0416   4.7946e+03      11.4276    0.612       J0832.4+4912
 0.1658    0.1079   7.1779e-01      10.1018    1.980       J0834.6+4402
 0.0742    0.0872   1.0350e+00       6.4338    0.974       J0835.7+0936
 0.0842    0.1398   1.9892e+01       5.7034    0.711       J0837.3+1458
-0.0417    0.0429   8.9802e+01       9.3811    0.871       J0839.4+1803
 0.1110    0.0675   5.7096e+00      15.0314    1.967       J0839.7+3540
 0.2031    0.0474   9.4199e+00      29.1686    5.916       J0841.3-3554
 0.1548    0.1802   7.8793e+00       6.5057    0.923       J0842.5+0251
 0.0504    0.0335   1.5293e+00      26.1863    1.652       J0844.2+5312
 0.0989    0.0296   1.5923e+00      31.4637    3.880       J0844.9-5458
 0.0408    0.0441   2.7886e+02      16.0781    0.991       J0847.2+1134
 0.0184    0.0467   8.8907e-03      12.7717    0.413       J0847.9-0702
 0.9999    0.0162   3.9959e+01       4.2755    2.390       J0848.7+0508
 0.0876    0.0447   5.1405e+00      20.6211    2.176       J0849.1+6607
 0.1249    0.0672   2.0270e+00      11.3703    2.291       J0849.5+0456
 0.0483    0.0165   1.3203e-01      55.7971    3.179       J0850.0+4855
-0.0012    0.0452   4.1778e+03      12.8586    0.017       J0850.5+3455
 0.0519    0.0420   2.1899e-01      18.0247    1.338       J0851.5+5528
 0.9647    0.3919   4.7324e+01       4.1189    1.339       J0854.0+2753
 0.2603    0.1082   7.3083e+00      12.1701    3.255       J0854.3+4408
 0.0526    0.0094   1.1901e-01      94.8227    6.162       J0854.8+2006
 0.0873    0.0212   1.4807e+00      48.8495    4.864       J0856.6-1105
 0.0358    0.0509   1.5284e+00      14.1250    0.716       J0856.8+2056
-0.0623    0.0398   4.0067e+01       8.0712    1.265       J0859.4+6218
 0.0501    0.0851   1.5328e-03       7.2570    0.646       J0901.2+6742
 0.8740    0.4619   1.8278e+00       4.0662    2.990       J0901.4+4542
 0.0368    0.0262   2.8982e-01      34.0441    1.511       J0902.4+2051
 0.1332    0.0384   1.2207e+01      27.6548    4.280       J0905.6+1358
 0.0617    0.0472   8.1218e-01      15.5959    1.489       J0906.3-0905
 0.0453    0.0518   4.7752e+01      17.4518    0.914       J0908.9+2311
 0.0663    0.0576   7.8414e-01      18.2416    1.286       J0909.6+0159
-0.0011    0.0907   8.0416e-09       5.7146    0.000       J0909.7+3104
 0.0459    0.0261   7.0061e+00      33.8224    2.086       J0910.6+3329
 0.0944    0.0759   3.2604e+00      12.8105    1.435       J0910.8+3859
 0.0002    0.0666  1.5510e-165       5.8817    0.000       J0911.7+3349
 0.9627    0.3761   2.4490e+01       5.9749    2.076       J0912.2+2800
-0.0649    0.0427   1.7811e+00       9.6392    1.256       J0912.5+1556
 0.0169    0.0281   4.3160e+02      23.9282    0.607       J0912.9-2102
 0.1896    0.1274   3.1669e+01       7.9912    1.976       J0913.3+8133
 0.0831    0.0191   6.4259e+00      50.7639    5.107       J0915.9+2933
 0.1379    0.1295   1.3159e+01       8.9210    1.437       J0916.7+5238
-0.0040    0.0823   8.1825e-15       6.3614    0.054       J0917.3-0342
 0.4017    0.2254   1.2819e+01       7.7409    2.477       J0920.9-2256
 0.0218    0.0551   1.5317e+00      14.0452    0.396       J0921.7+2336
 0.0041    0.0805   6.1714e-06       5.7610    0.054       J0924.0+0534
 0.0874    0.0931   1.8691e+01       8.9496    1.042       J0925.7+5959
 0.0569    0.0739   7.0463e-01      11.7574    0.859       J0925.7+3126
 0.0549    0.0674   8.9482e+00       9.2658    0.877       J0926.4+5412
 0.1380    0.1293   4.6222e+00       9.0991    1.225       J0928.5+4048
 0.0427    0.0261   7.5825e-01      28.7012    1.779       J0929.3+5014
 0.0824    0.0702   7.2023e-01      24.7562    2.040       J0930.3+8612
 0.0370    0.0748   2.2219e+02       8.2144    0.503       J0930.5+4951
 0.0478    0.1096   2.1713e-01       6.1335    0.472       J0930.7+3502
 0.3292    0.1911   6.0242e+00       6.5373    2.385       J0932.7+1041
 0.0205    0.0582   2.4022e-06      12.6348    0.329       J0934.3+3926
 0.0837    0.0960   5.2898e+00       4.1886    1.012       J0934.5-1720
 0.1146    0.1188   2.8806e+00       8.4540    1.095       J0936.5+1847
 0.0610    0.0692   9.0785e+00      11.5396    0.901       J0940.4+6148
 0.0085    0.0656   1.8859e+03       6.9379    0.124       J0942.3+2842
 0.1831    0.0518   1.1753e+00      24.1648    4.578       J0942.3-0800
 0.8361    0.5365   1.9063e+00       4.9359    2.374       J0944.2+5557
 0.2524    0.1039   1.9508e+00      15.4307    3.283       J0945.7+5759
-0.0869    0.0517   7.9565e+00       4.9823    1.356       J0946.0+4735
 0.1013    0.1485   1.9224e+01       7.5256    0.833       J0946.2+0104
 0.1093    0.0403   9.7811e+00      22.1798    3.338       J0947.1-2541
 0.1932    0.1791   1.5948e+00       6.8521    1.422       J0947.6+2215
 0.1916    0.0993   3.0312e+00      11.0439    2.593       J0950.2+0615
 0.0080    0.0373   6.0493e+00      17.5926    0.213       J0950.2+4553
 0.2373    0.1915   1.6770e+01       5.0357    1.756       J0952.1+3932
 0.2339    0.2052   8.4271e+01       7.9282    1.771       J0952.2+7503
 0.0324    0.0159   1.5277e+01      50.3263    2.214       J0953.0-0840
 0.2104    0.1044   3.3217e+01      11.3038    2.655       J0954.2+4913
 0.0108    0.0846   2.9333e+03       5.4151    0.125       J0955.1+3551
 0.2967    0.2805   1.4325e+01       4.5137    1.480       J0956.5-0958
 0.9675    0.5736   2.7400e+01       5.2854    2.429       J0958.0-0319
 0.0394    0.0108   9.4856e-02      76.5283    3.945       J0958.7+6534
 0.0249    0.0860   6.6551e-02       7.6711    0.258       J0959.4+2120
 0.0621    0.0342   2.1559e-01      26.0412    2.056       J1001.1+2911
 0.0550    0.0764   3.9072e+01       9.0442    0.759       J1002.5+2215
 0.0873    0.0994   5.2332e-01       8.1472    1.009       J1003.6+2605
 0.1946    0.1753   6.2562e+00       6.5204    1.179       J1006.5+6440
 0.1297    0.0879   1.2865e+01      10.0753    1.811       J1007.0+3455
 0.0589    0.0290   4.3448e-01      28.8534    2.296       J1008.0+0620
 0.0231    0.0346   2.1280e+03      20.7296    0.662       J1010.2-3119
 0.2294    0.1682   1.2975e+00       6.4753    1.928       J1011.6+3600
 0.0960    0.0444   1.7576e+00      21.7565    2.582       J1012.3+0629
 0.0414    0.0060   1.8584e+01     145.5699    7.520       J1015.0+4926
-0.0265    0.0464   5.8501e+00      11.1573    0.522       J1018.1+1905
 0.1536    0.0872   2.4757e+00      12.7879    2.298       J1018.8+5913
 0.1390    0.0749   1.0310e+00      17.6491    2.357       J1019.7+6321
-0.0598    0.0684   8.8653e+00       5.0124    0.672       J1021.1+1626
 0.0601    0.0705   8.1997e-01       8.8187    0.920       J1022.4-4231
 0.0590    0.0431   7.5291e+00      19.2930    1.544       J1022.7-0112
-0.0188    0.0602   9.1625e-01       7.5676    0.296       J1023.8+3002
 0.1128    0.0306   1.6396e+01      29.3856    4.219       J1023.8-4335
-0.0000    0.0543          inf      11.2041    0.000       J1024.8+2332
 0.0557    0.0977   3.1410e+02       7.7715    0.612       J1026.9+0608
 0.0397    0.0229   9.7101e+00      30.9247    1.883       J1026.9-1749
 0.0546    0.0280   2.1248e+01      27.5088    2.098       J1027.0-8542
 0.0906    0.0568   7.3891e+00      15.8505    1.774       J1027.6+6317
-0.0174    0.0279   3.6728e+02      16.7700    0.582       J1031.1+7442
 0.0427    0.0231   1.0363e+02      34.3022    1.973       J1031.3+5053
 0.0135    0.0545   5.3651e-01      16.4367    0.262       J1032.6+3737
 0.0994    0.0744   2.3147e+00      12.6954    1.461       J1032.7+6624
 0.1229    0.2668   3.2162e+01       4.2548    0.602       J1033.5+4221
 0.0081    0.0666   2.8956e-11       8.0417    0.128       J1035.6+4409
 0.3255    0.2895   5.8469e+00       4.6338    1.549       J1036.5+1231
 0.0761    0.0128   5.2995e+00      81.2857    6.926       J1037.7+5711
 0.0348    0.0220   2.8707e-02      35.0094    1.704       J1040.5+0617
 0.3605    0.2063   1.1504e+01       8.8056    2.597       J1041.0+1342
 0.2164    0.1409   5.5518e+00       7.2245    2.035       J1041.7+3902
-0.0696    0.0338   7.0853e+00       8.5510    1.624       J1041.9-0557
 0.3341    0.3270   3.7334e+00       4.3174    1.674       J1043.6+0654
 0.2473    0.2045   1.3982e+01       7.7759    1.705       J1046.8-2534
 0.1036    0.0646   1.3532e+00      17.1541    1.771       J1047.7+7238
 0.1315    0.0751   8.1475e-01      15.1400    2.148       J1049.5+1548
 0.3402    0.2667   1.2052e+00       7.2003    1.847       J1049.7+5011
 0.1094    0.0766   3.5590e+01      10.2788    1.638       J1051.4+3942
 0.1786    0.1291   6.0647e+00       9.1853    1.644       J1051.9+0103
 0.0588    0.0618   6.5218e+00      10.3049    1.080       J1052.9-3743
-0.0011    0.0327   4.3896e-13      16.8441    0.030       J1053.7+4930
 0.0228    0.0271   2.0712e-01      32.1878    0.891       J1054.5+2211
-0.0669    0.0418   4.8386e+00      10.4866    1.230       J1055.5-0125
 0.0408    0.0428   6.8593e+00      15.2383    1.018       J1057.8-2754
 0.0479    0.0101   1.0209e-01      87.9966    5.303       J1058.4+0133
 0.0113    0.0398   9.5353e-05      15.8764    0.299       J1058.6+2817
 0.1383    0.0258   6.5893e-01      42.4347    6.457       J1058.6-8003
 0.0403    0.0112   5.2535e+00      76.6749    3.948       J1058.6+5627
 0.0445    0.0143   3.4558e-01      60.9580    3.433       J1059.2-1134
 0.1280    0.0641   1.4642e+01      16.3771    2.380       J1100.3+4020
 0.1638    0.0944   1.6482e+01      11.6806    2.131       J1101.4+4108
-0.0171    0.0354   3.7729e-03      14.2962    0.440       J1103.6-2329
 0.1243    0.0290   1.0093e+00      41.3931    5.208       J1103.9-5357
-0.0323    0.0284   2.9939e+02      16.6477    1.042       J1104.4+0730
 0.0229    0.0029   5.4093e+02     294.2779    8.441       J1104.4+3812
-0.1068    0.0490   1.2683e+01       6.0128    1.279       J1105.8+3944
 0.0621    0.0414   8.9132e-01      16.5229    1.686       J1106.5-3646
-0.0282    0.0335   6.2893e+01      14.8635    0.778       J1107.6+0222
 0.1268    0.0563   4.5623e+00      19.3918    2.759       J1107.8+1501
 0.0201    0.0552   9.2700e+00      12.1520    0.368       J1109.3+2411
 0.1951    0.1310   2.0323e+01       8.8066    1.745       J1109.6+3735
 0.1128    0.0615   9.1575e+00      14.3971    2.146       J1110.2+7135
 0.0701    0.0686   4.9156e+00      15.3244    1.198       J1110.5-1836
 0.4856    0.4709   5.3969e+00       5.6150    1.445       J1111.0+3542
-0.0806    0.0450   1.5379e+01       6.0516    1.410       J1112.4+1751
 0.0072    0.0814   7.8131e-13       6.4499    0.108       J1113.8+1528
 0.2040    0.1095   2.7080e+00       9.0324    2.393       J1113.9+5523
-0.0016    0.0163   1.6919e-06      38.4752    0.118       J1117.0+2013
 0.1040    0.0996   4.6892e-01       9.8564    1.261       J1117.6+2550
 0.0753    0.0296   6.0874e+00      29.7783    2.943       J1118.0+5356
-0.0520    0.0671   1.0757e+00       5.2490    0.602       J1119.6-3047
 0.0571    0.0210   2.1833e+02      40.3129    2.947       J1120.8+4212
 0.0253    0.0982   4.7562e+00       5.3398    0.270       J1123.1-3233
 0.1546    0.1082   3.7344e+01       6.0952    1.655       J1123.8+7230
 0.0928    0.1192   1.2558e+01       6.6908    0.957       J1124.0+2045
 0.0282    0.0772   2.7675e+00       6.6015    0.397       J1124.9+2143
 0.1381    0.0505   1.4898e+01      20.1446    3.321       J1124.9+4934
 0.1395    0.0697   7.2903e+00      14.4210    2.311       J1125.1-2101
 0.0025    0.0301   9.7861e-02      16.0932    0.099       J1125.5-3557
 0.0073    0.0733   3.2632e+01       7.8489    0.120       J1125.9-0742
 0.0819    0.0666   3.5503e-01      13.7084    1.395       J1128.8+3757
 0.0908    0.0739   1.6164e+00      12.2240    1.409       J1129.1+3703
 0.5835    0.2322   1.3181e+00       8.8628    4.172       J1129.8-4217
-0.1017    0.0554   2.3846e+00       6.0340    0.808       J1130.5-3137
-0.0113    0.0357   8.7389e+03      15.5254    0.299       J1131.4+5809
 0.0267    0.0163   1.0416e-01      48.0567    1.734       J1132.7+0034
 0.7081    0.5505   2.5833e+01       4.3498    1.804       J1134.8-1729
 0.0115    0.0266   3.2453e+05      25.3744    0.423       J1136.4+6736
 0.0186    0.0163   1.1614e+03      42.4689    1.159       J1136.4+7009
-0.0346    0.0430   1.0113e+00      10.2319    0.704       J1136.8+2550
 0.2578    0.1429   1.3484e+01      10.0179    2.501       J1137.9-1708
-0.0940    0.0420   6.2618e+00       5.9295    1.669       J1138.2+4115
 0.0724    0.0983   1.3906e+02       8.2447    0.777       J1140.5+1528
 0.0459    0.0693   1.1680e+00       8.6383    0.731       J1141.5-1408
 0.0041    0.0308   1.4949e-18      16.7605    0.109       J1142.0+1548
 0.1737    0.0602   2.2788e+00      20.7372    3.644       J1143.1+6122
 0.0483    0.0177   1.0592e-01      44.1498    2.999       J1147.0-3812
-0.0191    0.0685   3.2097e+06       5.6692    0.265       J1148.6+1841
 0.2381    0.1906   8.2309e+00       5.9543    1.800       J1149.4+2441
 0.0580    0.0240   2.4697e-01      30.2533    2.670       J1150.4+2418
 0.0914    0.0203   1.1725e+01      51.9766    5.226       J1150.6+4154
 0.0485    0.0475   3.0252e+00      14.0669    1.095       J1151.5-1347
 0.0896    0.0384   1.3776e+01      25.7539    2.715       J1151.5+5859
 0.0108    0.0931   2.9626e+03       6.7500    0.119       J1152.1+2837
 0.0238    0.0961   5.6402e+00       5.6805    0.257       J1153.7+3822
 0.0528    0.0583   7.8787e+01      15.4803    0.996       J1154.0-0010
 0.1230    0.0349   1.6562e+00      27.9558    4.277       J1154.1-3243
 0.1782    0.1788   9.9632e+00       4.9506    1.192       J1155.8+6137
 0.0436    0.0396   4.9999e-01      17.7653    1.208       J1159.0+0939
 0.1309    0.0836   4.1519e+00      12.1193    1.883       J1159.5-0723
 0.0453    0.0840   5.8420e-03       8.8591    0.594       J1200.6+1229
-0.0603    0.0674   8.6300e+01       5.5327    0.801       J1202.4+4442
-0.0423    0.0397   1.1814e+02      10.1467    0.908       J1202.5+3852
 0.0955    0.0343   1.4560e+00      29.8579    3.229       J1203.1+6031
-0.0029    0.0384   2.1996e-14      11.3532    0.034       J1203.4-3925
 0.1316    0.0841   7.3069e+00      10.4859    1.944       J1204.0+1146
 0.0425    0.0369   1.1127e+01      22.3479    1.236       J1204.2-0709
 0.1814    0.1066   3.1772e+00       9.2784    2.194       J1207.7-2229
 0.2145    0.1756   1.5524e+01       5.9454    1.511       J1208.1+3017
 0.0689    0.0442   9.6141e+00      22.0462    1.762       J1209.4+4118
-0.0565    0.0581   1.3357e+01       5.6178    0.759       J1211.6+3901
 0.0349    0.0783   2.2370e+00       7.5982    0.456       J1212.0+2242
-0.0485    0.0333   2.3844e+01      13.8545    1.268       J1213.0+5129
 0.3054    0.1585   9.1047e+00      10.2501    2.885       J1213.3-2618
-0.0977    0.0307   2.4788e+01       9.7337    2.385       J1213.7+6423
 0.0260    0.0503   1.8513e+01      17.1249    0.531       J1215.1+5002
 0.1362    0.0960   1.8909e+01       8.8078    1.672       J1215.1+0731
 0.1236    0.1321   6.0436e-02       5.4326    1.080       J1215.1+3513
 0.0770    0.0908   5.0627e+00       6.5752    0.951       J1216.1-0242
 0.0910    0.0705   2.6970e+00      10.4719    1.455       J1216.1+0930
 0.0402    0.0073   4.5589e+00     112.0594    6.062       J1217.9+3007
 0.0813    0.0614   2.5590e-01      13.5639    1.476       J1218.0-0028
 0.1224    0.0358   1.5346e+00      29.7135    4.197       J1218.5-0119
 0.0482    0.0453   6.1468e+00      15.2689    1.132       J1219.7-0313
 0.0525    0.0845   2.4548e+00       7.8054    0.650       J1219.7+0444
 0.1030    0.0554   2.1216e+00      18.1729    2.180       J1220.1+3432
 0.0289    0.0141   1.2136e+03      59.7644    2.148       J1221.3+3010
 0.0162    0.0117   1.3210e-02      71.3066    1.429       J1221.5+2814
 0.0976    0.0370   4.1532e-01      29.3065    3.030       J1223.8+8039
 0.0655    0.1337   2.9567e+01       7.9897    0.427       J1223.9+7954
-0.1420    0.0583   5.6264e+00       5.0749    1.450       J1224.1+2239
 0.0604    0.0252   1.0737e+01      37.0727    2.636       J1224.4+2436
 0.0151    0.0423   2.1174e-07      17.0794    0.334       J1224.9+4334
-0.0409    0.0659   1.8654e+03       5.7342    0.561       J1226.0+5622
 0.2030    0.1083   2.1508e+01      10.1051    2.430       J1226.7+0637
 0.1107    0.0487   4.8552e+00      19.9659    2.717       J1226.8-1329
 0.1932    0.1945   2.6361e+01       6.8086    1.360       J1227.1-4437
 0.0612    0.0136   8.6194e-01      75.3958    5.045       J1230.2+2517
 0.0055    0.0538   8.2890e+05      11.7285    0.100       J1231.5+1421
-0.0192    0.0433   1.2340e+00      12.7554    0.412       J1231.6+6415
 0.0324    0.0162   3.4413e+00      50.1482    2.128       J1231.7+2847
 0.6462    0.3916   6.4336e+00       6.4876    2.980       J1233.1+1703
 0.4567    0.2926   7.2313e-01       6.7294    2.590       J1233.6+5027
 0.0103    0.0260   7.4560e-02      24.4693    0.384       J1233.7-0144
 0.0300    0.0719   9.5495e+00       9.6863    0.436       J1236.3+3858
-0.1152    0.0462   8.8512e+00       5.2732    1.224       J1237.8+6256
 0.0494    0.0451   6.1160e-01      16.0705    1.168       J1238.3-1959
 0.0231    0.0883   4.2587e+01       6.6722    0.259       J1241.5+3439
 0.1763    0.0863   1.0270e+01      12.6220    2.543       J1241.8-1456
 0.8449    0.3914   1.0094e+01       5.4132    2.011       J1241.9+0636
 0.0530    0.0157   3.6316e+01      56.7945    3.760       J1243.2+3627
-0.0061    0.0541   8.3500e+08       8.6738    0.107       J1244.5+1616
 0.0441    0.0555   9.1083e-01      16.5807    0.872       J1245.1+5709
 0.5996    0.2309   1.1694e+00       8.8763    4.234       J1245.8+0232
 0.1648    0.1379   2.6886e+00       5.7495    1.506       J1246.3+0112
 0.1337    0.0789   1.5766e+01      12.9727    2.035       J1247.0+4421
 0.0451    0.0087   9.0433e+00     104.8892    5.743       J1248.3+5820
 0.0037    0.0632   5.1163e+03       8.9222    0.046       J1248.7+5127
 0.0969    0.0837   2.1985e+01      15.1093    1.496       J1249.8+3707
 0.1038    0.0762   4.1008e+00      10.8558    1.630       J1250.6+0217
 0.0424    0.0800   6.4046e-01       8.6484    0.551       J1251.2+1039
 0.0868    0.0141   1.9428e+00      80.8781    7.474       J1253.2+5301
 0.4625    0.2426   1.6444e+01       6.1366    2.701       J1253.5-3934
 0.0473    0.0374   3.8764e+00      20.6085    1.397       J1253.8+0327
 0.0706    0.0620   5.2612e+00      16.0184    1.300       J1253.8+6242
 0.0047    0.0369   1.9650e-05      20.1336    0.080       J1254.5+2210
 0.0112    0.0718   1.1278e-08       7.2429    0.157       J1254.9-4426
 0.0175    0.0295   9.5365e+00      23.1350    0.586       J1256.2-1146
 0.0981    0.0509   2.3076e+00      20.1211    2.300       J1257.2+3646
-0.1682    0.0285   8.4306e+00       4.3754    2.766       J1257.6+2413
 0.2144    0.1234   5.4543e+00       8.9808    2.128       J1258.3+6121
 0.2588    0.1674   1.0962e+01       5.7580    2.174       J1258.7-0452
 0.0704    0.0622   2.7648e+00      14.0374    1.220       J1259.1-2311
 0.1208    0.0489   2.3028e-01      18.6674    3.000       J1259.7-3223
-0.0003    0.0349   3.9517e+34      17.4060    0.023       J1259.8-3749
 0.2368    0.1810   3.1176e-01       6.4500    1.696       J1300.0+1753
 0.0190    0.0742   1.8656e-01       6.6970    0.252       J1301.5+4413
 0.0881    0.0970   5.1728e+00       8.2562    1.074       J1301.6+4056
 0.0598    0.0206   3.2261e-01      45.8512    3.287       J1303.0+2434
 0.0660    0.0541   6.2484e+00      14.9834    1.321       J1304.2-2412
 0.0987    0.0199   7.2131e+00      47.2258    5.637       J1304.3-4353
-0.0055    0.0482   1.0819e+10      14.5365    0.135       J1305.6+7853
 0.0391    0.0205   1.0060e+01      37.7179    2.001       J1307.6-4259
 0.0825    0.0204   5.3972e+00      47.1639    4.703       J1309.4+4305
 0.0838    0.0551   7.8036e-01      16.0486    1.798       J1309.7+1153
-0.0028    0.0409   3.8411e+02      14.1036    0.046       J1310.2-1158
-0.0601    0.0357   1.0484e+01       9.6609    1.267       J1311.0+0034
 0.1523    0.1747   1.6129e+01       4.8641    1.090       J1311.8+3954
 0.1958    0.0418   2.4278e+00      32.3648    6.323       J1312.4-2156
 0.1003    0.0566   2.4397e+01      16.0160    1.929       J1312.8-2350
 0.1183    0.0346   2.3351e+00      34.2246    4.231       J1314.7+2348
 0.0160    0.0509   8.7833e+04      12.9811    0.327       J1315.0-4236
 0.2822    0.1589   1.2457e+01       8.4027    2.557       J1315.5+1135
 0.3416    0.1938   6.3243e+00       7.7828    2.476       J1319.5+1404
 0.0123    0.0386   7.2038e-01      17.0382    0.313       J1319.8+7759
-0.0210    0.0694   1.7181e+02       4.4851    0.279       J1321.9+3219
 0.3814    0.2254   6.0712e+00       7.0564    2.360       J1322.9+0437
 0.1446    0.0711   9.1994e+00      16.8500    2.643       J1323.9+1405
 0.9115    0.4722   3.4178e+00       5.6230    3.605       J1325.6-0227
 0.5506    0.3915   7.5381e+00       4.2814    2.300       J1326.1+1232
 0.1633    0.0336   7.4020e-01      35.2906    6.066       J1326.8-5256
 0.2282    0.1799   2.4786e+01       4.8846    1.415       J1327.8+2522
 0.0263    0.0412   1.0469e+01      16.6378    0.686       J1328.5-4727
 0.0451    0.0420   8.2989e+00      17.5985    1.131       J1330.2+7002
 0.1365    0.1068   1.8339e+00      11.3414    1.500       J1330.3+4441
 0.3522    0.2387   5.9716e-01       4.6895    2.181       J1330.4+3157
 0.2083    0.1919   1.4097e+01       6.8305    1.322       J1331.0+5653
 0.3114    0.1435   5.4233e-01      11.0408    2.464       J1331.2-1325
-0.0222    0.0437   2.0966e+03      11.3177    0.489       J1331.6+1711
 0.0471    0.0587   2.9598e+00      10.3048    0.871       J1335.3-2949
 0.2444    0.1745   5.4869e+00       8.1804    1.833       J1336.2+2320
 0.0053    0.0376   4.1971e+01      15.3965    0.144       J1338.9+1153
 0.0452    0.0816   5.3909e+02       8.6241    0.552       J1340.5+4409
 0.2432    0.1316   2.6312e+00       9.2873    2.576       J1340.8-0409
-0.0379    0.0387   3.2917e+00      10.6813    0.866       J1341.2+3958
 0.1372    0.1709   3.0919e+00       5.0153    1.021       J1341.6+5515
-0.0016    0.0363   1.2091e+03      14.0549    0.040       J1345.6-3356
 0.0532    0.0531   3.5771e+00      12.3796    1.093       J1347.1-2959
 0.0716    0.0388   1.1797e+01      21.3020    2.117       J1351.3+1115
 0.4744    0.2752   3.0042e+00       8.7426    2.774       J1351.7+5542
 0.1894    0.2100   4.8222e+00       4.4401    1.216       J1351.9+2847
 0.0581    0.0406   3.4269e-01      18.6076    1.578       J1353.0-4413
 0.1063    0.1168   2.2518e+00       8.9756    1.148       J1353.2+3740
 0.0218    0.0427   3.1086e-03      15.5017    0.541       J1353.3+1434
 0.0046    0.0955   1.7267e+03       4.9879    0.056       J1353.4+5600
-0.0054    0.0251   7.8360e-03      21.6466    0.198       J1353.6-6640
 0.0270    0.0554   1.5492e+00      11.5889    0.503       J1354.4+3707
 0.1484    0.1013   1.0593e+00      10.2350    1.921       J1357.5+0127
-0.0224    0.0245   6.1549e+00      18.7358    0.847       J1359.8-3746
-0.0591    0.0506   1.1435e+01       5.9439    0.997       J1402.6+1600
 0.2831    0.2219   2.5205e+01       4.5070    1.887       J1403.4+4319
 0.0900    0.0507   1.0866e+01      19.2798    2.007       J1404.8+6554
-0.0132    0.0313   4.6935e+01      15.8464    0.402       J1404.8+0402
 0.0346    0.0476   1.0237e+00      12.9260    0.777       J1406.1-2508
 0.3448    0.2350   3.9458e+01       6.1849    2.021       J1406.6-3934
 0.1417    0.1224   1.5312e+01       7.2387    1.501       J1406.9+1643
 0.0733    0.0539   1.9422e-01      14.8046    1.550       J1410.1+0202
 0.1016    0.0834   2.4183e+00       9.7575    1.443       J1410.3+1438
 0.1302    0.0826   2.0225e+00      10.6273    1.891       J1410.4+2820
-0.0218    0.0470   5.3860e+00       9.0570    0.428       J1411.8+5249
-0.0146    0.0556   3.8986e+05       8.2879    0.239       J1412.1+7427
 0.0238    0.0328   7.0569e+00      23.8379    0.731       J1415.5+4830
 0.1118    0.0787   1.3819e+01       9.2987    1.631       J1416.1-2417
 0.0633    0.0726   6.8795e+02      10.9541    0.914       J1417.9+2543
 0.0743    0.0173   1.9929e+01      56.0880    5.037       J1418.4-0233
 0.1952    0.0584   1.1540e+01      19.5387    4.077       J1418.9+7731
 0.2035    0.1750   1.2869e+01       8.5522    1.593       J1419.3+0444
 0.0282    0.0194   2.2941e-03      43.9287    1.555       J1419.8+5423
-0.0607    0.0520   4.0038e+01       6.0185    0.989       J1420.3+0612
 0.1544    0.0892   1.9296e+01      10.8300    2.030       J1422.6+5801
 0.1412    0.0571   2.2057e+00      22.3221    2.987       J1423.1+3738
 0.0502    0.0861   1.0180e+01       6.1735    0.632       J1424.1-1750
 0.1302    0.0792   9.7272e-01      12.6803    2.014       J1424.2+0433
-0.0356    0.0661   1.1219e+02       5.8547    0.474       J1424.6+1447
 0.1380    0.0560   7.0879e+00      18.5798    2.959       J1425.0+3615
 0.6293    0.3526   1.1067e+01       5.3068    2.666       J1425.4-0119
 0.1388    0.0801   2.1954e+00      12.8315    2.102       J1426.1+3403
 0.0599    0.0062   1.5085e+01     141.6372   10.901       J1427.0+2348
 0.1088    0.0261   3.4423e-01      36.4448    4.964       J1427.6-3305
 0.0138    0.0415   1.5248e-01      13.0951    0.335       J1427.7-3215
 0.0222    0.0281   2.0452e+04      26.5701    0.816       J1428.5+4240
 0.0745    0.0665   6.3661e+00       9.8201    1.278       J1431.1-3120
 0.0788    0.0791   7.8128e+01       9.3298    1.108       J1434.8+6640
 0.1967    0.1249   2.8074e+00      11.0934    2.082       J1435.5+2021
 0.0021    0.0252   1.3608e+13      25.7799    0.083       J1436.9+5638
 0.0205    0.0382   1.5260e+01      19.2677    0.552       J1439.3+3932
 0.0138    0.0313   9.8369e-06      20.9097    0.462       J1439.7+4958
 0.0267    0.0373   7.5181e-02      14.2139    0.748       J1440.0-1530
 0.0735    0.0514   4.8116e+01      18.3179    1.603       J1440.6-3846
 0.0243    0.0584   4.0423e-01      15.2853    0.396       J1440.9+0609
 0.1247    0.0742   4.2169e+00      13.0501    1.974       J1442.0+4348
 0.0686    0.0716   2.7890e+00       8.9768    1.042       J1442.6-4623
 0.1105    0.0529   1.6266e+01      17.6229    2.434       J1442.7+1200
 0.1292    0.1546   3.5236e+01       4.5090    0.952       J1443.6+2515
 0.0551    0.0122   2.4633e+01      65.2161    4.844       J1443.9-3908
 0.0505    0.0431   4.5023e+01      17.7219    1.287       J1445.0-0326
-0.0131    0.0466   2.1814e+08      10.8166    0.266       J1445.9-1626
 0.1207    0.0252   1.1005e+01      43.7150    5.854       J1448.0+3608
 0.1235    0.0609   1.2484e+00      20.2195    2.528       J1450.8+5201
-0.0198    0.0438   6.0042e-02      11.1025    0.412       J1451.4+6355
 0.0589    0.0132   2.0464e+00      66.2192    5.161       J1454.4+5124
 0.4528    0.3038   2.4702e+00       6.4205    2.219       J1454.7+5237
-0.0407    0.0624   1.2365e+01       4.6479    0.572       J1456.0+5051
 0.1094    0.0774   1.2668e+00      11.0302    1.617       J1458.6+3722
 0.0786    0.0809   1.2506e-01      10.0232    1.163       J1500.7+4752
 0.5314    0.2374   2.6579e+00       7.9803    3.492       J1500.9+5528
 0.0571    0.0267   4.2504e+00      29.9180    2.370       J1501.0+2238
-0.0460    0.0720   7.2808e+00       5.1207    0.522       J1503.3+1651
 0.0194    0.0387   2.8876e-02      17.2117    0.517       J1503.5+4759
 0.0898    0.0357   1.9534e+01      23.4545    2.851       J1503.7-1540
 0.1118    0.0718   7.8663e-01      10.4317    1.810       J1505.0-3433
 0.1803    0.2473   4.4099e+01       4.4008    0.864       J1506.4-0540
 0.0002    0.1029  1.3982e-141       4.7278    0.078       J1506.4+4331
 0.1193    0.0376   2.0196e+01      26.5753    3.619       J1506.6+0813
 0.2661    0.1017   1.0452e+01      13.2218    3.499       J1507.2+1721
-0.0469    0.0422   5.6000e+00       9.3790    0.914       J1508.8+2708
 0.1528    0.0712   1.0944e+01      17.4038    2.677       J1509.7+5556
 0.0834    0.0751   1.0181e+01      16.5404    1.328       J1511.8-0513
 0.1023    0.0591   7.4810e+00      14.8225    2.027       J1512.1-2255
 0.2389    0.3222   8.7992e-01       6.5649    1.097       J1516.1+4351
-0.0909    0.0416   3.0020e+01       6.9549    1.620       J1516.8+2918
 0.2444    0.7219   1.4072e+00       7.8896    1.393       J1516.8+3651
 0.0008    0.0657  3.5048e-143       7.4684    0.019       J1516.9+1934
 0.0284    0.0090   2.0730e-01      83.5313    3.324       J1517.7-2422
 0.0487    0.0245   3.5275e+01      32.4322    2.178       J1517.7+6525
-0.0013    0.0206   1.4916e+10      27.4497    0.058       J1518.0-2731
 0.0879    0.0702   8.5082e+00      10.2008    1.424       J1518.6+4044
 0.0849    0.0992   4.5687e-01       9.8875    0.981       J1520.4+5546
 0.2065    0.0531   1.0910e+01      24.5193    5.125       J1520.8-0348
 0.1518    0.0302   9.9607e-01      37.3679    6.311       J1522.6-2730
 0.0392    0.0791   1.0594e+01       6.3754    0.523       J1523.2+0533
 0.2579    0.2119   6.9402e+00       5.9354    1.737       J1529.2+3812
 0.0889    0.0723   2.4840e+00      10.5645    1.359       J1530.9+5736
 0.0098    0.0779   1.9748e+00       6.1414    0.118       J1531.7+4710
 0.0778    0.0624   6.8414e+00      14.8540    1.391       J1532.0+3016
-0.0251    0.0410   3.3241e-01      11.7869    0.537       J1533.2+1855
 0.0660    0.0651   1.0365e+01      14.9843    1.051       J1533.2+3416
 0.0233    0.0818   2.1506e+00      10.1032    0.261       J1534.8+3716
 0.0768    0.1099   4.4056e+01       9.8071    0.572       J1535.0+5320
 0.1259    0.1041   6.9810e-01       7.9118    1.422       J1535.4+3919
 0.0794    0.0731   6.1283e-01       7.0696    1.243       J1536.8-3155
 0.0214    0.0531   1.7238e+02      11.2436    0.401       J1539.7-1127
 0.3550    0.1722   8.0450e-01       7.3774    2.996       J1539.9+4220
 0.0898    0.0348   2.5904e+01      25.5022    2.903       J1540.1+8155
-0.0323    0.0418   3.6593e+01      10.3394    0.675       J1540.7+1449
 0.0607    0.0086   2.0183e+00     113.0746    7.977       J1543.0+6130
 0.0870    0.0414   8.9846e+00      19.4454    2.439       J1546.0+0819
 0.1166    0.1299   7.0874e-01       4.7069    0.988       J1546.5+1816
 0.0290    0.0557   1.2071e+01       8.1804    0.543       J1547.3-2802
 0.1051    0.0282   1.8561e+00      35.8590    4.427       J1548.3+1456
 0.0372    0.0261   1.1993e+02      25.2891    1.457       J1548.8-2250
-0.0278    0.0635   1.2977e+00       5.1375    0.395       J1549.6+1710
 0.1384    0.0883   2.4408e+00       9.5343    2.049       J1552.0+0850
 0.1300    0.0355   5.2599e+00      26.1736    4.472       J1553.5-3118
 0.3969    0.1795   1.4099e+00       6.5771    2.912       J1554.9+2143
 0.0705    0.0060   4.9541e+01     155.3691   13.402       J1555.7+1111
 0.0689    0.0465   1.4304e+00      16.6607    1.714       J1557.5-7040
 0.0577    0.0306   1.0407e+00      32.8505    2.061       J1558.8+5625
 0.0226    0.0210   5.0922e+00      30.9187    1.102       J1558.9-6432
 0.0233    0.0474   1.2815e-02      12.8586    0.503       J1559.9+2319
 0.0003    0.1187  2.3783e-113       6.5178    0.058       J1602.2+3051
 0.0300    0.0741   1.5736e-01       7.4311    0.437       J1603.8+1104
 0.1590    0.0999   9.3683e+00      10.7237    1.927       J1603.8+5009
 0.0515    0.0204   7.2096e+00      42.6956    2.588       J1603.8-4903
 0.0787    0.0317   1.2165e-01      21.9288    2.848       J1604.5-4441
 0.3020    0.1968   5.4875e+00       6.7427    2.089       J1605.5+5423
 0.0947    0.1132   4.3281e+01       8.4379    0.923       J1606.3+5629
 0.1105    0.0223   3.9435e-01      46.9920    5.786       J1607.0+1550
 0.1150    0.0174   2.0336e+01      55.1799    7.575       J1610.7-6648
 0.1717    0.1741   9.7940e-01       5.9839    1.234       J1616.7+3327
 0.1797    0.1416   6.9594e-01       7.4397    1.459       J1616.7+4107
 0.1266    0.1449   8.4270e-01       5.1018    1.067       J1619.0-8346
 0.0097    0.0561   7.4563e-06       9.1970    0.184       J1624.6+5651
 0.2353    0.1327   1.4710e+01       8.1422    2.250       J1626.3+3514
 0.0060    0.0493   9.2225e-04      12.0343    0.125       J1626.6-7639
 0.3366    0.2217   9.7022e+00       7.5532    1.700       J1627.3+3148
 0.0915    0.0322   2.0051e+00      31.3469    3.186       J1628.6+7706
 0.0696    0.0269   2.0031e+00      34.4959    2.938       J1630.7+5221
 0.1156    0.0855   7.9648e-01      10.0863    1.622       J1636.7+2627
 0.0693    0.1069   3.4599e-01       4.9425    0.707       J1637.1+1316
 0.0011    0.0954   3.0295e+25       5.2926    0.050       J1637.6+4548
 0.1512    0.1461   8.7867e+00       5.8252    1.091       J1637.7+7326
 0.1021    0.0362   1.1438e+01      24.2852    3.241       J1637.8-3449
 0.1370    0.0736   6.0806e-01      15.6394    2.626       J1641.9-0621
 0.0134    0.0760   1.0304e-01       4.9733    0.193       J1642.4+2211
-0.0167    0.0653   1.4002e+06       7.4235    0.250       J1643.0+3223
 0.0021    0.0587   4.2336e-11       8.0052    0.025       J1643.5-0646
 0.0205    0.0804   1.5428e+02       7.0638    0.281       J1644.2+4546
-0.0420    0.0587   1.9077e+02       6.4898    0.642       J1647.5+2911
 0.0165    0.0205   6.2504e-06      37.1897    0.844       J1647.5+4950
 0.0414    0.0232   7.7289e-01      32.9414    1.899       J1649.4+5235
-0.0578    0.0295   4.8272e+00      13.4354    1.581       J1651.6+7219
 0.1093    0.1049   1.5341e+01       7.7567    1.227       J1652.7+4024
 0.0184    0.0047   4.0656e+03     153.5455    4.046       J1653.8+3945
 0.0876    0.0429   8.0617e+00      16.7245    2.376       J1656.9-2010
 0.1216    0.1229   1.6676e+00       7.7362    1.206       J1658.4+6150
 0.3115    0.1732   1.4385e+00       9.0079    2.513       J1701.3+3956
 0.1207    0.1082   2.0025e+00       8.2935    1.417       J1702.2+2642
 0.0756    0.0596   2.2883e+01      14.1049    1.400       J1702.6+3114
-0.0497    0.0386   1.7568e+02      10.7501    1.095       J1704.2+1234
-0.0338    0.0229   6.0437e+00      17.9489    1.304       J1704.5-0527
 0.0132    0.0800   4.8445e-08       7.2319    0.165       J1705.0+7134
 0.4838    0.2134   2.1375e+00       7.3857    3.730       J1707.1-1931
 0.0416    0.0591   3.3057e+01      11.0081    0.760       J1712.7+2932
-0.0212    0.0553   1.1409e+02       7.0253    0.351       J1717.5-8114
 0.1351    0.0407   2.6130e-01      21.3582    4.112       J1717.5-3342
 0.1009    0.0209   1.8295e+00      49.4395    5.711       J1719.2+1745
 0.0563    0.0149   1.9354e+01      57.9790    4.112       J1725.0+1152
 0.0128    0.0327   1.5070e-04      19.9697    0.393       J1725.5+5851
 0.0119    0.0142   5.9583e+04      50.9726    0.857       J1728.3+5013
 0.1356    0.0769   2.8293e+00      14.9959    2.158       J1730.8+3715
 0.2108    0.0722   1.6590e+00      14.7988    3.855       J1731.6-3002
 0.2297    0.1668   6.7808e-02       5.7148    1.646       J1733.4+5428
 0.1417    0.0591   7.6214e+00      16.1119    2.918       J1736.0+2033
 0.1339    0.0826   1.7141e+00      10.1838    1.945       J1740.6+5346
 0.0259    0.1028   8.8253e-03       4.6179    0.248       J1741.1+7226
-0.0057    0.0354   1.1471e+07      15.9948    0.152       J1742.5+5944
 0.0761    0.0382   6.9266e+00      21.0308    2.327       J1744.0+1935
 0.0360    0.0539   4.5351e+00      11.2230    0.693       J1744.6-5713
 0.0105    0.0240   2.1797e-01      20.9980    0.449       J1745.4-0753
-0.0662    0.0483   1.3057e+01       6.3448    1.087       J1745.6+3950
 0.0224    0.0925   2.8466e+01       5.4646    0.250       J1747.2+4937
 0.2451    0.2502   5.9403e-01       5.7123    1.690       J1747.9+4704
 0.0480    0.0097   1.6059e+00      94.8480    5.388       J1748.6+7005
 0.0408    0.0247   1.1677e+00      30.1340    1.753       J1749.0+4321
 0.0952    0.0156   3.6397e-01      64.0127    7.181       J1751.5+0938
 0.1193    0.0204   4.6924e+00      56.0714    7.131       J1754.2+3212
 0.0659    0.0561   7.6576e-02      11.4228    1.334       J1754.5-6425
 0.0529    0.0402   2.9798e+01      18.0540    1.375       J1756.3+5522
 0.1325    0.1215   3.1044e+01       7.1188    1.220       J1757.0+7032
 0.0672    0.1609   2.6709e+00       5.3516    0.467       J1800.1+7037
 0.0383    0.0083   8.5730e-02     110.1893    4.976       J1800.6+7828
 0.0514    0.0124   8.1794e-02      74.5690    4.578       J1806.8+6949
-0.0427    0.0447   6.9617e+00      10.0264    0.820       J1807.2+6429
 0.0459    0.1350   6.6387e+01       5.9872    0.360       J1807.9+4650
-0.0223    0.0424   2.3301e+01      10.8965    0.465       J1809.3+2042
 0.0967    0.0343   6.2635e+00      25.7264    3.199       J1809.7+2910
 0.1756    0.1080   2.0681e+00       9.1073    2.102       J1811.0+1608
 0.0994    0.0389   1.0581e+01      21.6829    3.041       J1811.3+0340
 0.0576    0.0367   7.7174e-01      17.3632    1.814       J1813.5+3144
 0.1362    0.0484   2.6026e+00      20.8051    3.481       J1813.6+0614
-0.0089    0.0574   1.8826e+05       8.2769    0.141       J1819.1+2133
 0.1812    0.1271   1.9552e+01      10.8718    1.656       J1820.3+3624
 0.2402    0.0702   1.8156e+00      19.5614    4.270       J1823.5+6858
 0.0696    0.0191   6.4991e-02      49.7303    4.032       J1824.1+5651
 0.0955    0.0501   1.1428e+01      18.8535    2.247       J1829.3+5402
 0.0582    0.0592   4.2781e+00      11.2311    1.044       J1830.0+1324
 0.0805    0.0392   2.0197e+00      22.0952    2.277       J1832.6-5658
 0.1531    0.1176   2.8171e+00       6.7269    1.522       J1835.5+1349
 0.0473    0.0561   5.2405e-02       9.6121    0.925       J1836.4+3137
 0.0303    0.0143   5.2235e+01      52.8075    2.228       J1838.8+4802
 0.1344    0.0782   3.3962e+01      12.2780    2.164       J1841.3+2909
 0.1607    0.0688   7.8018e+00      17.1939    2.945       J1841.8+3218
 0.1035    0.0307   3.0760e+00      28.9046    3.939       J1844.4+1547
 0.0906    0.0586   6.4427e-01      15.4289    1.775       J1844.9+5709
 0.1733    0.1428   2.4110e+01       6.6026    1.380       J1848.5+6537
 0.0185    0.0480   2.8452e+00       9.3362    0.412       J1848.9+4247
 0.1670    0.0884   6.9421e-01      10.9809    2.459       J1849.4+2745
 0.1740    0.0493   8.0761e-01      22.2098    4.669       J1849.4-4313
 0.0786    0.0879   4.8354e+01       6.9289    0.979       J1850.5+2631
 0.1959    0.2133   4.2528e+00       4.1615    1.192       J1853.8+6714
 0.2510    0.2308   7.0017e+00       5.6734    1.274       J1854.6-6007
 0.0831    0.0121   3.7630e+00      81.0352    7.959       J1903.2+5540
 0.0484    0.0462   2.3217e+01      14.8830    1.127       J1904.1+3627
 0.0459    0.0464   2.8522e+01      14.6117    1.028       J1911.4-1908
 0.0937    0.0761   4.9435e+00      10.6861    1.502       J1913.9+4439
 0.0200    0.0125   1.4174e+01      57.2375    1.633       J1917.7-1921
 0.1139    0.0205   4.1583e+00      52.7939    6.942       J1918.2-4111
 0.0705    0.0346   2.9342e+00      21.5956    2.281       J1921.3-1231
 0.0716    0.0362   2.7784e+01      20.1666    2.181       J1921.8-1607
 0.0395    0.0495   5.9143e-02       9.8582    0.848       J1925.1-1019
 0.0827    0.1302   7.2931e+01       4.0843    0.734       J1925.8-2220
 0.1156    0.0309   7.7148e+00      33.6541    4.301       J1926.8+6154
 0.0929    0.0347   1.3855e+00      25.9182    3.103       J1927.5+6117
 0.0976    0.0253   1.5941e+01      43.4493    4.531       J1931.1+0937
 0.0465    0.0336   5.5697e+01      21.5851    1.432       J1933.3+0726
 0.0319    0.0311   3.0340e+02      21.6901    1.052       J1936.9-4720
 0.0248    0.0155   8.3408e+01      44.0486    1.627       J1942.7+1033
 0.0372    0.1033   9.3440e-03       4.7916    0.392       J1942.8-3512
 0.0052    0.0392   1.1954e-09      12.9288    0.116       J1946.0-3112
 0.0238    0.0441   1.0817e+01      15.2793    0.525       J1949.5+0906
 0.0724    0.0329   6.3941e-02      23.0899    2.483       J1954.6-1122
 0.0043    0.0292   8.9547e-04      16.0457    0.156       J1955.1-1604
 0.0709    0.0633   1.5512e+01       8.4281    1.257       J1955.7+0214
 0.3205    0.2179   2.6669e+00       4.2086    2.478       J1956.1+0234
 0.0563    0.0349   4.1299e+01      20.6367    1.722       J1958.3-3010
 0.1516    0.0363   1.1451e+01      31.5179    5.455       J1959.7-4725
 0.0340    0.0065   6.8156e+01     121.3352    5.559       J2000.0+6508
 0.0965    0.0160   5.6061e+00      59.2753    6.599       J2001.2+4353
 0.0654    0.0539   1.1189e+00      13.3552    1.400       J2001.7+7040
 0.2064    0.0752   1.2097e+01      16.7751    3.668       J2005.1+7003
 0.0645    0.0165   2.7031e-01      55.3404    4.421       J2005.5+7752
 0.0295    0.0125   8.0304e+01      58.4831    2.475       J2009.4-4849
 0.1517    0.0308   6.1804e-01      35.3318    5.956       J2010.0+7229
 0.1386    0.0257   2.6211e+00      41.9278    6.394       J2012.0+4629
 0.3738    0.1031   2.5986e-01      13.4511    5.448       J2012.2-1646
 0.0224    0.0438   2.0838e+01      12.4122    0.519       J2014.3-0047
 0.0125    0.0480   1.8724e+02      12.3452    0.262       J2014.5+0648
 0.1058    0.0340   5.0747e-01      25.4966    3.707       J2015.2-0137
-0.0011    0.0723   9.6196e+43       4.5417    0.060       J2015.3-1432
 0.0504    0.0283   4.6144e+00      27.1713    1.937       J2016.3-0903
 0.2314    0.2055   3.4989e+00       4.5475    1.618       J2017.5-3753
 0.1576    0.0835   3.5003e+00      11.2072    2.405       J2021.9+0629
 0.1043    0.0452   1.1436e+00      19.6488    2.704       J2022.3-4513
 0.0340    0.0236   3.3892e-02      30.2239    1.501       J2022.5+7612
 0.0835    0.0640   5.5806e+00      14.9127    1.464       J2024.4-0847
 0.2954    0.0686   7.3288e-01      19.8691    5.790       J2029.5+4925
 0.1573    0.0520   9.9701e+00      20.7162    3.730       J2030.9+1935
 0.1391    0.0954   4.9116e-01      11.1200    1.798       J2032.0+1219
 0.1391    0.0547   2.6216e+00      17.7831    3.097       J2036.4+6553
 0.2595    0.2030   3.8758e+01      10.1183    1.332       J2036.9-3329
 0.0914    0.0231   1.2345e+00      42.6844    4.617       J2039.0-1046
 0.0539    0.0584   2.8212e+01      11.4816    0.980       J2039.5+5218
 0.0430    0.0443   1.7657e+02      18.5057    0.998       J2040.2-7115
-0.0469    0.0413   5.8769e+00       8.8792    0.933       J2041.9-3735
 0.0235    0.0403   4.0792e+02      13.9277    0.596       J2042.1+2427
 0.0380    0.0529   1.3846e-01      11.3241    0.778       J2048.6-6804
-0.0479    0.0882   1.1868e-01       4.1897    0.514       J2049.7-0036
 0.0190    0.0318   6.5179e-03      18.6794    0.646       J2050.0+0408
 0.9995    0.0512   3.4184e+01       4.3340    2.597       J2052.5+0810
 0.2343    0.0639   1.3879e+01      19.3818    5.077       J2053.8+2922
-0.0078    0.0557   3.1317e-02       8.5550    0.130       J2054.8+0015
 0.0698    0.0744   2.0635e+01      10.0550    1.120       J2055.4-0020
 0.0714    0.1442   1.1360e-02       4.5385    0.611       J2056.7-3209
 0.1036    0.0237   2.1227e+00      41.8028    5.167       J2103.8-6233
 0.1862    0.1202   2.6221e+01       9.2160    1.920       J2104.3-0212
 0.1881    0.0959   5.0831e+00       9.6816    2.458       J2108.0+3655
-0.0230    0.0417   2.8320e+01      11.1664    0.514       J2108.7-0250
 0.0137    0.0302   1.3008e-01      21.9426    0.459       J2108.9-6638
 0.0683    0.1019   1.1202e+00       7.3864    0.805       J2109.6+0440
 0.0759    0.0612   1.1973e+01      15.2333    1.424       J2112.7+0819
 0.0578    0.0783   4.0612e-01       9.5560    0.830       J2115.9-0113
 0.1022    0.0171   6.0434e+00      55.8843    6.862       J2116.2+3339
-0.0056    0.0560   9.6330e+03       7.9165    0.086       J2117.8-3243
 0.1370    0.0391   5.4195e+00      25.8464    4.170       J2127.7+3612
 0.2715    0.2382   2.4731e+00       5.2818    1.516       J2130.2-7320
 0.1400    0.0387   1.0890e+01      25.4757    4.371       J2131.0-2746
-0.0183    0.0266   2.1510e+00      18.6232    0.655       J2131.5-0916
 0.1126    0.0798   1.0755e+01      10.8021    1.590       J2131.7-2515
 0.1004    0.1076   4.2366e+00       7.0731    1.092       J2133.1+2529
 0.0965    0.0447   2.7453e+00      19.3589    2.641       J2133.9+6646
 0.0253    0.0276   3.7759e-03      26.6342    0.952       J2134.2-0154
 0.0619    0.0372   2.4748e+00      23.7380    1.851       J2134.5-2130
 0.3499    0.2383   1.0689e+01       7.7749    2.177       J2138.8-2055
 0.0687    0.0121   1.4499e+00      75.1345    6.535       J2139.4-4235
-0.0176    0.0312   4.2903e+02      15.3397    0.513       J2143.1-3929
 0.0473    0.0449   1.1074e+00      15.4143    1.141       J2144.2+3132
 0.1780    0.1746   3.5089e+01       5.6475    1.241       J2145.5+1006
-0.0062    0.0653   1.3639e+06       7.7181    0.096       J2145.7+0718
 0.1304    0.0355   1.9516e+01      31.3087    4.669       J2146.5-1344
-0.0368    0.0477   1.9630e+01      10.3935    0.708       J2148.0-0733
 0.0156    0.0368   4.4533e-03      17.2059    0.445       J2149.6+0323
 0.0827    0.0625   2.3523e+01      13.9477    1.559       J2150.1-1410
 0.0571    0.1285   1.0796e+00       5.3358    0.428       J2150.8+1118
 0.2378    0.0964   5.6299e+00      12.6070    2.917       J2151.4+4156
 0.1344    0.1226   3.4438e+00       6.4918    1.408       J2152.0-1205
 0.1481    0.2016   3.8493e+00       4.1978    0.842       J2152.5+1737
 0.0108    0.0781   5.2349e+05       7.8666    0.147       J2153.1-0041
 0.0665    0.0486   4.6763e+01      15.4601    1.484       J2156.0+1818
 0.1680    0.1322   3.0104e+00       8.3750    1.637       J2156.9-0854
 0.0417    0.0047   1.9405e+01     198.6395    9.655       J2158.8-3013
 0.1960    0.1539   6.5415e+00       9.6112    1.673       J2200.1+2138
 0.0056    0.0682   3.0369e-20       7.6900    0.082       J2200.3+1029
 0.0601    0.0055   1.7354e-01     166.7690   12.376       J2202.7+4216
 0.0379    0.0983   8.5581e+01       5.5710    0.395       J2202.7-5637
 0.3140    0.1397   6.4858e-01      11.2389    3.240       J2204.3+0438
-0.0289    0.0568   9.9644e+01       5.1243    0.492       J2204.5+3634
 0.0703    0.0403   2.7815e-01      20.3090    2.021       J2206.8-0032
 0.2092    0.1679   1.6863e+00       4.2441    1.622       J2208.2+0350
-0.0224    0.0444   3.7789e-01      10.8814    0.488       J2209.7-0451
 0.2056    0.1537   1.2652e+01       7.1176    1.709       J2211.0-0003
 0.0917    0.0557   1.6171e+00      13.7917    1.933       J2212.6+2800
 0.0544    0.0412   1.2474e-01      17.8132    1.443       J2216.9+2421
 0.0062    0.0568   8.6764e+00       9.4090    0.102       J2220.5+2813
 0.0885    0.0322   1.8587e+01      27.4093    3.198       J2221.5-5225
 0.0782    0.1914   1.1340e+01       5.8634    0.471       J2223.3+0102
 0.2838    0.1908   2.8898e+00       5.3490    2.009       J2224.0-1127
 0.3786    0.2373   2.3007e+00       5.4514    2.387       J2225.5-1114
 0.1879    0.0875   3.9234e+00      14.2975    2.678       J2227.9+0036
-0.0812    0.0365   6.2925e+00       7.5597    1.741       J2232.6-2023
 0.0444    0.1199   3.9475e+01       5.6250    0.275       J2232.8+1334
 0.0739    0.0350   1.1050e+00      25.9278    2.445       J2234.1-2656
 0.0804    0.0366   3.1482e-01      24.3561    2.531       J2235.8-3627
 0.0098    0.0432   8.9968e-06      12.7085    0.241       J2236.2-1706
 0.0683    0.0101   4.3810e-01      98.1265    7.712       J2236.5-1433
 0.0348    0.0663   1.8059e-01      10.3542    0.547       J2241.2+4120
 0.1289    0.0314   1.2424e+00      36.3491    5.165       J2243.4-2544
-0.0253    0.0332   5.2779e+00      13.7920    0.709       J2243.7-1231
 0.0808    0.0138   8.8364e+00      71.8832    6.825       J2243.9+2021
-0.0163    0.0805   5.9859e+04       4.6121    0.191       J2244.9-0007
 0.0458    0.0602   5.1233e+00      14.8755    0.828       J2245.9+1544
 0.0505    0.0566   1.8617e+00      15.0643    1.026       J2247.4-0001
 0.0292    0.0387   5.7234e+02      15.6814    0.765       J2247.8+4413
 0.0193    0.0497   9.7983e-05      11.3483    0.415       J2249.4-1300
 0.0088    0.0265   8.2777e+07      21.9422    0.319       J2250.0+3825
-0.0159    0.0312   2.6721e+02      16.2755    0.485       J2250.4-4206
 0.0951    0.0207   6.5032e-01      55.5010    5.371       J2250.7-2806
 0.1538    0.0453   8.1688e+00      23.5790    4.241       J2251.5-4928
 0.0507    0.0355   3.8974e+00      23.0823    1.496       J2252.0+4031
 0.1126    0.1180   4.3446e+00       5.5682    1.144       J2252.6+1245
 0.2288    0.1900   4.3067e+00       6.7265    1.606       J2253.7+1405
 0.0250    0.0662   1.2364e+01      10.5555    0.379       J2254.8-2725
-0.0155    0.0218   7.3952e+01      25.6189    0.671       J2255.2+2411
 0.0235    0.0293   1.7542e-01      24.6038    0.832       J2256.6-2011
 0.0434    0.1045   1.6937e+00       5.9212    0.420       J2256.7+1307
 0.8830    0.4888   1.4905e+00       4.6788    1.454       J2257.5+0748
 0.0299    0.0702   2.9380e-01       9.5177    0.476       J2258.3-3643
-0.0528    0.0303   1.8540e+01      12.9079    1.496       J2258.4-5524
 0.2602    0.1962   2.7844e+01       6.6013    1.714       J2300.1+4053
 0.1604    0.0477   6.7171e+00      25.2283    4.102       J2300.3+3136
 0.0236    0.0322   2.4724e+02      19.4799    0.745       J2304.6+3704
-0.0314    0.0574   1.3039e+02       5.2793    0.482       J2306.6-1105
-0.0189    0.0637   1.1068e+00       5.4518    0.268       J2307.4-1206
 0.2548    0.1093   2.2710e+00      10.9484    2.923       J2307.6+1451
 0.0733    0.0421   4.6256e-01      20.1519    1.980       J2311.0+0205
 0.0443    0.0402   1.8306e+01      18.4600    1.225       J2314.0+1445
-0.0367    0.0480   3.9511e+02      13.5937    0.674       J2315.6-5018
 0.1420    0.0634   2.3658e+00      17.8304    2.627       J2317.4-4533
-0.0371    0.0452   8.1339e+00      10.5179    0.731       J2319.1-4207
 0.4520    0.2854   1.1935e+01       4.9480    2.103       J2319.7+1609
 0.0880    0.1187   1.1525e+01       5.9251    0.787       J2321.0-6308
-0.0583    0.0276   4.1295e+00      12.5915    1.745       J2322.7+3436
 0.1621    0.0594   9.8642e+00      21.4721    3.412       J2322.8-4916
 0.0479    0.0190   1.2435e+01      41.2097    2.792       J2323.8+4210
 0.1063    0.0372   2.2178e+01      30.8009    3.259       J2324.7-4041
 0.0756    0.0553   5.6542e-01      17.2765    1.538       J2324.7+0801
 0.1133    0.0282   1.4839e+00      34.8314    4.871       J2325.2+3957
 0.0211    0.0311   2.1239e-01      29.4718    0.704       J2325.4-4800
 0.1039    0.1060   5.0550e+00       7.7903    1.137       J2325.6+1644
 0.0071    0.0308   3.1524e+03      19.9438    0.200       J2329.2+3755
-0.0838    0.0403   6.6835e+00       7.0506    1.517       J2330.3-2948
-0.0414    0.0402   4.8762e+02      11.6456    0.909       J2330.6-3726
 0.0773    0.0318   2.8864e+00      25.5891    2.797       J2334.8+1432
-0.0248    0.0510   3.0169e+02      10.7591    0.436       J2336.5-7622
-0.0016    0.0392   2.5295e-01      12.8759    0.026       J2338.9+2124
 0.0939    0.0242   6.7129e+00      36.5341    4.723       J2340.8+8015
 0.1311    0.0634   1.3836e+01      13.8711    2.505       J2343.6+3438
 0.0246    0.0292   1.4622e+02      22.8946    0.902       J2346.7+0705
 0.1178    0.0609   2.1481e-01       8.6466    2.298       J2346.7+8008
 0.0467    0.0135   3.9599e+01      56.3727    3.821       J2347.0+5141
 0.0406    0.0524   3.7892e+00      14.4907    0.830       J2350.6-3005
 0.0742    0.0526   6.5714e+00      16.2172    1.521       J2351.3-7559
 0.1871    0.0838   2.9266e+00      15.2242    3.013       J2352.0+1750
-0.0125    0.0775   2.9467e+01       4.7718    0.151       J2353.5-1457
 0.0101    0.0530   9.8394e-06      13.6436    0.199       J2353.7-3037
 0.0975    0.1130   8.4405e-01       6.5914    1.001       J2354.1+2720
 0.0238    0.0432   1.5598e+01      13.8475    0.558       J2356.2+4036
 0.1276    0.1321   7.9673e-01       8.8768    1.276       J2357.4-0152
 0.0857    0.0671   5.8347e+01      13.1056    1.413       J2357.4-1718
 0.0485    0.0538   6.4003e-01      12.7454    1.010       J2358.3+3830
-0.0291    0.0287   1.4599e+00      18.8413    0.913       J2359.0-3038
 0.0156    0.0538   1.7385e+00      12.1626    0.289       J2359.3-2049
